4.9372041369885693E+01 a         1     0     1     1     1
-1.2003946762170366E+02 a         2     0     1     1     2
-4.4074635413592205E+01 a         3     0     1     1     3
2.0205358166234444E+02 a         4     0     1     1     4
5.5556695311035594E+02 a         5     0     1     1     5
1.4854765806239314E+02 a         6     0     1     1     6
-2.2661219315573265E+02 a         7     0     1     1     7
-7.8935362549513070E+02 a         8     0     1     1     8
2.2444923567625754E+01 a         9     0     1     1     9
1.7917139965136587E+02 a        10     0     1     1    10
-4.0347073516346668E+01 a        11     0     1     1    11
-2.7281871595382672E+01 a        12     0     1     1    12
8.9457310294248856E+01 a        13     0     1     1    13
-4.6556596451149807E+02 a        14     0     1     1    14
1.2739841975628771E+02 a        15     0     1     1    15
-4.7126247991246845E+02 a        16     0     1     1    16
4.9744703430789059E+01 a        17     0     2     1     1
-9.9874282681504667E+01 a        18     0     2     1     2
-1.0056398411888908E+02 a        19     0     2     1     3
7.6647429763929964E+01 a        20     0     2     1     4
1.4849317724471862E+02 a        21     0     2     1     5
-8.1980300223800398E+01 a        22     0     2     1     6
2.2132821433983881E+02 a        23     0     2     1     7
1.8168830029133983E+02 a        24     0     2     1     8
-9.8607464218728339E+01 a        25     0     2     1     9
-2.1677628755506086E+02 a        26     0     2     1    10
5.6487897825465006E+02 a        27     0     2     1    11
1.7199166504970396E+01 a        28     0     2     1    12
1.9919259309832927E+02 a        29     0     2     1    13
3.4786657410511253E+02 a        30     0     2     1    14
-1.3758397591875510E+02 a        31     0     2     1    15
2.1419952928268557E+01 a        32     0     2     1    16
4.2141181732383347E+02 a        33     0     3     1     1
-2.4666195489013748E+02 a        34     0     3     1     2
6.3041967427519762E+02 a        35     0     3     1     3
9.7722319258401285E+01 a        36     0     3     1     4
-1.3368616886783744E+02 a        37     0     3     1     5
-5.3890233525113558E+02 a        38     0     3     1     6
7.2284321079266888E+01 a        39     0     3     1     7
-6.5480637997980324E+01 a        40     0     3     1     8
-5.7421757383176661E+01 a        41     0     3     1     9
3.5942826842951365E+02 a        42     0     3     1    10
-1.8027601050524414E+01 a        43     0     3     1    11
1.5797181948180491E+02 a        44     0     3     1    12
-4.0443246104633950E+00 a        45     0     3     1    13
1.9170611258028148E+02 a        46     0     3     1    14
-5.3438761220321439E+01 a        47     0     3     1    15
1.2318726627752493E+02 a        48     0     3     1    16
1.5851724513010382E+02 a        49     0     4     1     1
-5.4024846470484022E+01 a        50     0     4     1     2
8.8152888494791455E+02 a        51     0     4     1     3
2.0680381907175192E+02 a        52     0     4     1     4
-2.7487109390517514E+01 a        53     0     4     1     5
-8.0814330167827478E+01 a        54     0     4     1     6
2.6482986880621489E+01 a        55     0     4     1     7
-1.0877509337116421E+03 a        56     0     4     1     8
1.1262115594872363E+02 a        57     0     4     1     9
3.5374371569616596E+02 a        58     0     4     1    10
-4.5345051080172163E+02 a        59     0     4     1    11
-5.8923119914752085E+01 a        60     0     4     1    12
1.7748496323251199E+01 a        61     0     4     1    13
-4.0121792718456970E+02 a        62     0     4     1    14
1.9339390990569058E+01 a        63     0     4     1    15
-8.1644023103646489E+01 a        64     0     4     1    16
3.0843877356887242E+02 a        65     0     5     1     1
1.9389299493435519E+02 a        66     0     5     1     2
2.4801756141668017E+02 a        67     0     5     1     3
3.5072973188436350E+01 a        68     0     5     1     4
6.1665727573807516E-01 a        69     0     5     1     5
-1.1048441096401713E+02 a        70     0     5     1     6
1.7400341450657763E+02 a        71     0     5     1     7
1.3352855484343627E+02 a        72     0     5     1     8
-7.3238809247239246E+01 a        73     0     5     1     9
-3.9866478542068236E+01 a        74     0     5     1    10
2.0635460829569958E+01 a        75     0     5     1    11
-8.7734390330098847E+01 a        76     0     5     1    12
-1.2091557432879160E+01 a        77     0     5     1    13
-1.4198820936662548E+02 a        78     0     5     1    14
7.0352702685831519E+00 a        79     0     5     1    15
3.7691965541806809E+01 a        80     0     5     1    16
1.5725072675990285E+02 a        81     0     6     1     1
-2.5313507779506590E+01 a        82     0     6     1     2
2.4481503015148528E+03 a        83     0     6     1     3
3.6973420411540769E+02 a        84     0     6     1     4
8.7682384279593279E+01 a        85     0     6     1     5
-1.9147874274984085E+02 a        86     0     6     1     6
1.9744286167225724E+02 a        87     0     6     1     7
-2.9918103937291789E+03 a        88     0     6     1     8
2.4364606502089399E+02 a        89     0     6     1     9
-1.0596741013798702E+02 a        90     0     6     1    10
-5.2311331449078330E+02 a        91     0     6     1    11
-5.1593725324721424E+02 a        92     0     6     1    12
-7.1955700894182414E+01 a        93     0     6     1    13
-3.4061877153886121E+02 a        94     0     6     1    14
5.1282391939042077E+02 a        95     0     6     1    15
1.9205856998356108E+01 a        96     0     6     1    16
1.2977202058219922E+02 a        97     0     7     1     1
3.4482675162489642E+01 a        98     0     7     1     2
1.4602119246900202E+02 a        99     0     7     1     3
1.7357858418398854E+02 a       100     0     7     1     4
-1.7507665565830004E+02 a       101     0     7     1     5
1.8370935257183800E+02 a       102     0     7     1     6
1.3559898125973132E+02 a       103     0     7     1     7
-2.1792745341918462E+02 a       104     0     7     1     8
-2.6185715417184696E+01 a       105     0     7     1     9
1.7548348180187622E+02 a       106     0     7     1    10
1.4089802774796604E+02 a       107     0     7     1    11
-3.0026182645610419E+02 a       108     0     7     1    12
-4.6055498649093626E-02 a       109     0     7     1    13
1.0405368735327416E+02 a       110     0     7     1    14
2.5407336200616464E+02 a       111     0     7     1    15
-4.7336652014860402E+02 a       112     0     7     1    16
6.6822268398158656E+01 a       113     0     8     1     1
-5.0344901462540733E+01 a       114     0     8     1     2
-9.3145843666882712E+01 a       115     0     8     1     3
1.3591207692130783E+02 a       116     0     8     1     4
3.7369262367111878E+02 a       117     0     8     1     5
-1.1386403927142499E+02 a       118     0     8     1     6
-1.0681338606191409E+02 a       119     0     8     1     7
-3.9350551308720264E+02 a       120     0     8     1     8
-7.4302912965393304E+01 a       121     0     8     1     9
-3.3314829058690424E+02 a       122     0     8     1    10
7.3719250452549048E+01 a       123     0     8     1    11
-3.4191440543296369E+02 a       124     0     8     1    12
5.4377357621483227E+01 a       125     0     8     1    13
-2.0623191556540729E+02 a       126     0     8     1    14
1.9467017380083669E+02 a       127     0     8     1    15
-1.3473803772014830E+02 a       128     0     8     1    16
-5.4608361078765051E+02 a       129     0     9     1     1
-1.1799499830368248E+02 a       130     0     9     1     2
-2.2511696419580852E+02 a       131     0     9     1     3
-7.8377652027207844E+01 a       132     0     9     1     4
-3.2506540589143219E+02 a       133     0     9     1     5
7.2835777096195491E+00 a       134     0     9     1     6
-3.2306917857385014E+02 a       135     0     9     1     7
6.3619429894745188E+01 a       136     0     9     1     8
8.9375746682279640E+01 a       137     0     9     1     9
-2.8973721411212904E+02 a       138     0     9     1    10
-1.0429161919696898E+02 a       139     0     9     1    11
3.0156490924821918E+02 a       140     0     9     1    12
-9.6660788490095797E+01 a       141     0     9     1    13
8.0250453019972909E+01 a       142     0     9     1    14
-1.8202039724009535E+02 a       143     0     9     1    15
5.0005711388841991E+02 a       144     0     9     1    16
7.7054538338244294E+00 a       145     0    10     1     1
-9.5377783992865961E+00 a       146     0    10     1     2
5.1235958533348867E+02 a       147     0    10     1     3
2.1066194291708840E+01 a       148     0    10     1     4
-6.2478305187588701E+00 a       149     0    10     1     5
-8.2170671510967654E+00 a       150     0    10     1     6
4.0752230222232617E+00 a       151     0    10     1     7
-5.8658024858261365E+02 a       152     0    10     1     8
2.2281460122443082E+01 a       153     0    10     1     9
1.6460892959281914E+00 a       154     0    10     1    10
-2.8212240613767115E+01 a       155     0    10     1    11
-1.9829221672351395E+01 a       156     0    10     1    12
-1.1717255240257238E+01 a       157     0    10     1    13
9.8062832046909243E+00 a       158     0    10     1    14
2.7092648867152299E+01 a       159     0    10     1    15
2.3816885571087358E+01 a       160     0    10     1    16
5.4878870531223654E+01 a       161     0    11     1     1
1.8758481771191835E+01 a       162     0    11     1     2
-2.8527013145063245E+02 a       163     0    11     1     3
-3.9257555403943627E+01 a       164     0    11     1     4
2.4884233418232000E+02 a       165     0    11     1     5
4.0509323479283616E+01 a       166     0    11     1     6
-2.1474631654605810E+02 a       167     0    11     1     7
1.0677565848387987E+02 a       168     0    11     1     8
1.0628098787381241E+02 a       169     0    11     1     9
-1.4832076183342198E+02 a       170     0    11     1    10
-1.9468973035677462E+02 a       171     0    11     1    11
2.7643286042699214E+02 a       172     0    11     1    12
-4.0892136139665631E+01 a       173     0    11     1    13
1.1257088059771290E+02 a       174     0    11     1    14
-1.9934069964248309E+02 a       175     0    11     1    15
7.5733104155853982E+02 a       176     0    11     1    16
5.0962766665738172E+01 a       177     0    12     1     1
-3.8979653823265558E+01 a       178     0    12     1     2
1.8815842008326999E+03 a       179     0    12     1     3
1.3895871517794052E+02 a       180     0    12     1     4
-4.0699902336112977E+01 a       181     0    12     1     5
-5.4449246121548924E+01 a       182     0    12     1     6
4.2417198701218688E+01 a       183     0    12     1     7
-2.1088494799330306E+03 a       184     0    12     1     8
1.3881832469812042E+02 a       185     0    12     1     9
1.2107956000765689E+01 a       186     0    12     1    10
-2.0393379937081687E+02 a       187     0    12     1    11
-1.3699581848825594E+02 a       188     0    12     1    12
-5.0440341621961153E+01 a       189     0    12     1    13
4.1362486593536438E+01 a       190     0    12     1    14
1.8047998279455348E+02 a       191     0    12     1    15
9.9091609118827861E+01 a       192     0    12     1    16
-4.5844227759011363E+02 a       193     0    13     1     1
1.3817949308899426E+02 a       194     0    13     1     2
5.4887323805236107E+01 a       195     0    13     1     3
-5.8547507690431942E+01 a       196     0    13     1     4
1.0712620161085985E+01 a       197     0    13     1     5
5.8246213796274708E+02 a       198     0    13     1     6
7.8158275782133813E+01 a       199     0    13     1     7
-1.2132193704705807E+02 a       200     0    13     1     8
-1.1787052902289827E+02 a       201     0    13     1     9
-4.8794099529591698E+01 a       202     0    13     1    10
-5.3446304399573620E+01 a       203     0    13     1    11
-4.1028828583338914E+01 a       204     0    13     1    12
1.6430851366780402E+01 a       205     0    13     1    13
4.2638458775128470E+01 a       206     0    13     1    14
3.2145843221158962E+01 a       207     0    13     1    15
-1.2734029886877919E+02 a       208     0    13     1    16
5.4527846003520267E+01 a       209     0    14     1     1
-1.0223430565023520E+02 a       210     0    14     1     2
-3.2680402968932663E+02 a       211     0    14     1     3
6.4452504590141215E+00 a       212     0    14     1     4
5.1112870322860381E+01 a       213     0    14     1     5
-1.9173408886330185E+02 a       214     0    14     1     6
-1.3036799807856681E+02 a       215     0    14     1     7
9.0800183750014901E+02 a       216     0    14     1     8
-6.7686994457472993E+00 a       217     0    14     1     9
-3.3655151532308702E+02 a       218     0    14     1    10
-1.3199455728295783E+02 a       219     0    14     1    11
1.8159842964613114E+02 a       220     0    14     1    12
-8.9637359673682411E+01 a       221     0    14     1    13
-3.2162677410837134E+01 a       222     0    14     1    14
-3.4718330928453526E+02 a       223     0    14     1    15
-1.8537340792255543E+02 a       224     0    14     1    16
-8.4724818972277234E+01 a       225     0    15     1     1
1.4323118730686033E+02 a       226     0    15     1     2
8.2439935148533181E+01 a       227     0    15     1     3
1.6838221730908020E+02 a       228     0    15     1     4
-2.7702511044677685E+01 a       229     0    15     1     5
3.7255661148188253E+01 a       230     0    15     1     6
-1.7371488383645354E+02 a       231     0    15     1     7
7.2997629310153854E+02 a       232     0    15     1     8
-1.5822189381966400E+01 a       233     0    15     1     9
-1.0969477411991141E+02 a       234     0    15     1    10
-1.7044955172442977E+02 a       235     0    15     1    11
3.8767851327265458E+02 a       236     0    15     1    12
-1.7079752092974001E+00 a       237     0    15     1    13
-1.4661879031133091E+02 a       238     0    15     1    14
-3.7222394823288761E+02 a       239     0    15     1    15
-9.0477217530457779E+01 a       240     0    15     1    16
-5.4946523748740674E+01 a       241     0    16     1     1
-4.3728553838837328E+01 a       242     0    16     1     2
3.0192380988614661E+02 a       243     0    16     1     3
6.9894862557446658E+01 a       244     0    16     1     4
1.7398897420893665E+01 a       245     0    16     1     5
1.1770736337281596E+02 a       246     0    16     1     6
2.0118298905567045E+02 a       247     0    16     1     7
9.0111344645802956E+02 a       248     0    16     1     8
-1.0003421303851593E+02 a       249     0    16     1     9
1.1184407437367122E+02 a       250     0    16     1    10
1.2229286717777485E+02 a       251     0    16     1    11
-1.2554384199187849E+02 a       252     0    16     1    12
3.9470562826391308E+01 a       253     0    16     1    13
6.7824350781432230E+01 a       254     0    16     1    14
-4.8139930920573747E+01 a       255     0    16     1    15
-1.3250419665894458E+02 a       256     0    16     1    16
-1.2360902318420675E+02 a       257     0    17     1     1
-3.4888525239492895E+02 a       258     0    17     1     2
-2.2074288652829960E+01 a       259     0    17     1     3
2.1471179282985602E+02 a       260     0    17     1     4
-3.3380117857811605E+01 a       261     0    17     1     5
-2.7359430782332652E+01 a       262     0    17     1     6
3.8731439132043886E+02 a       263     0    17     1     7
1.0525300654712321E+03 a       264     0    17     1     8
-1.6532982047092958E+02 a       265     0    17     1     9
-7.8591465533565383E+01 a       266     0    17     1    10
-1.2747389064043250E+02 a       267     0    17     1    11
3.0174035374140533E+02 a       268     0    17     1    12
-3.3791991143817022E+01 a       269     0    17     1    13
8.1100679917099711E+01 a       270     0    17     1    14
-1.0100927998191665E+02 a       271     0    17     1    15
2.6365846183356712E+02 a       272     0    17     1    16
-7.3643163925941039E+01 a       273     0    18     1     1
-5.5696241673090043E+01 a       274     0    18     1     2
1.7686736282397968E+02 a       275     0    18     1     3
2.2081320188954953E+02 a       276     0    18     1     4
4.6194276245417862E+00 a       277     0    18     1     5
-4.0121460837588877E+01 a       278     0    18     1     6
-1.1382206427327968E+02 a       279     0    18     1     7
-2.8958802165733506E+01 a       280     0    18     1     8
4.1533209014503615E+02 a       281     0    18     1     9
7.4791759129768684E+02 a       282     0    18     1    10
1.9629077892765500E+02 a       283     0    18     1    11
1.8745595142533452E+02 a       284     0    18     1    12
-3.1117509082127192E+01 a       285     0    18     1    13
1.5851084096922571E+02 a       286     0    18     1    14
9.4330208758091757E+01 a       287     0    18     1    15
-1.6113259101346475E+01 a       288     0    18     1    16
-4.8326475902437764E+01 a       289     0    19     1     1
8.1807990966310626E+01 a       290     0    19     1     2
-6.4559312141234557E+02 a       291     0    19     1     3
-1.5102474538688725E+02 a       292     0    19     1     4
-3.2603232181459015E+02 a       293     0    19     1     5
4.0358105392670672E+02 a       294     0    19     1     6
-2.5485258684642838E+02 a       295     0    19     1     7
-1.0900232832127325E+02 a       296     0    19     1     8
-1.9488628196472976E+02 a       297     0    19     1     9
-1.3866452456411278E+02 a       298     0    19     1    10
-2.2470305249429475E+02 a       299     0    19     1    11
1.1717349446560083E+02 a       300     0    19     1    12
1.2102787964690739E+01 a       301     0    19     1    13
1.6757560151352095E+02 a       302     0    19     1    14
-1.4137611201417434E+02 a       303     0    19     1    15
-3.1014522078109433E+01 a       304     0    19     1    16
2.1225388006788123E+02 a       305     0    20     1     1
2.3244803889698815E+02 a       306     0    20     1     2
-1.7639552651689908E+02 a       307     0    20     1     3
-1.5025190383382197E+01 a       308     0    20     1     4
-9.8350307775313837E+01 a       309     0    20     1     5
1.0389531042071575E+02 a       310     0    20     1     6
-6.5596984903197509E+01 a       311     0    20     1     7
3.1609951492049792E+01 a       312     0    20     1     8
1.5315713187559794E+02 a       313     0    20     1     9
9.7112822738234499E+01 a       314     0    20     1    10
3.9409126246821550E+01 a       315     0    20     1    11
-3.1750693846290670E+01 a       316     0    20     1    12
2.4310243088584663E+01 a       317     0    20     1    13
4.5365214074077294E+01 a       318     0    20     1    14
-1.5890583564069516E+02 a       319     0    20     1    15
2.4925058655330028E+02 a       320     0    20     1    16
-2.6734622667073520E+01 a       321     0    21     1     1
-4.8825204023064799E+01 a       322     0    21     1     2
-1.8111882726610968E+03 a       323     0    21     1     3
-8.3327372956047185E+01 a       324     0    21     1     4
1.2104902709391290E+02 a       325     0    21     1     5
4.5218987789021135E+01 a       326     0    21     1     6
-3.1262105389668312E+02 a       327     0    21     1     7
1.5126505983744153E+03 a       328     0    21     1     8
-3.6259268714226198E+02 a       329     0    21     1     9
-1.1649444366240457E+01 a       330     0    21     1    10
1.4399568612290562E+02 a       331     0    21     1    11
2.6246185346811626E+02 a       332     0    21     1    12
-4.0427768694049678E+02 a       333     0    21     1    13
4.2204283793595863E+02 a       334     0    21     1    14
-4.8869378090368241E+02 a       335     0    21     1    15
7.4525634744079696E+01 a       336     0    21     1    16
1.9185729275701723E+02 a       337     0    22     1     1
-8.7304704195011695E+01 a       338     0    22     1     2
-3.4649540735797166E+02 a       339     0    22     1     3
5.2265620306892956E+01 a       340     0    22     1     4
-5.1381787668387027E+00 a       341     0    22     1     5
-1.3531221779640211E+02 a       342     0    22     1     6
-7.1611594904409856E+01 a       343     0    22     1     7
1.5035333531240724E+03 a       344     0    22     1     8
-2.2247511043552583E+02 a       345     0    22     1     9
-1.5927806291499829E+02 a       346     0    22     1    10
-1.6884298958415833E+01 a       347     0    22     1    11
-6.4895417770497573E+01 a       348     0    22     1    12
-6.8442686478939493E+01 a       349     0    22     1    13
2.4295937090381763E+01 a       350     0    22     1    14
-2.4919800057447580E+02 a       351     0    22     1    15
9.6296489787387127E+00 a       352     0    22     1    16
-1.7410114598531226E+02 a       353     0    23     1     1
3.8408264124763457E+02 a       354     0    23     1     2
-1.1566223296065349E+01 a       355     0    23     1     3
4.1538939540866801E+02 a       356     0    23     1     4
-3.4622245516766910E+01 a       357     0    23     1     5
2.0959312626133317E+02 a       358     0    23     1     6
-2.0623323521872749E+02 a       359     0    23     1     7
-8.4352359214599096E+02 a       360     0    23     1     8
-1.8622196839973782E+02 a       361     0    23     1     9
9.1732265529345639E+01 a       362     0    23     1    10
1.4493693013140620E+02 a       363     0    23     1    11
2.2344178996322916E+02 a       364     0    23     1    12
9.5939924074776386E+01 a       365     0    23     1    13
-1.2254700817733200E+02 a       366     0    23     1    14
1.6838670913648835E+02 a       367     0    23     1    15
-1.3327762651529656E+02 a       368     0    23     1    16
-1.5179822450652304E+02 a       369     0    24     1     1
6.2171264355814863E+01 a       370     0    24     1     2
-8.3611558237793687E+01 a       371     0    24     1     3
-3.2166823512883582E+02 a       372     0    24     1     4
7.5966749029421663E+01 a       373     0    24     1     5
1.2103136610452808E+02 a       374     0    24     1     6
-5.8848666783005555E+01 a       375     0    24     1     7
7.0311689186284718E+02 a       376     0    24     1     8
1.2521738103970310E+02 a       377     0    24     1     9
1.3089844586697732E+03 a       378     0    24     1    10
-2.7263565839086681E+01 a       379     0    24     1    11
2.2675079632676514E+02 a       380     0    24     1    12
4.5451982078185800E+01 a       381     0    24     1    13
-9.3116670306603183E+01 a       382     0    24     1    14
-1.7015794897038941E+02 a       383     0    24     1    15
5.0113969715269519E+01 a       384     0    24     1    16
-5.9904292977025214E+01 a       385     0    25     1     1
-3.2173782753993713E+01 a       386     0    25     1     2
-1.8665153286505580E+00 a       387     0    25     1     3
-1.4763940936556017E+01 a       388     0    25     1     4
-1.4563188145890699E-01 a       389     0    25     1     5
-7.9893512792584795E+00 a       390     0    25     1     6
1.0637777162252418E+02 a       391     0    25     1     7
2.9522085682024097E+00 a       392     0    25     1     8
-1.0516379089203427E+01 a       393     0    25     1     9
7.7028671467463255E+01 a       394     0    25     1    10
1.9477482943814813E+01 a       395     0    25     1    11
-1.4791764670696914E+01 a       396     0    25     1    12
2.5274173458718746E+01 a       397     0    25     1    13
8.0258164063683935E+01 a       398     0    25     1    14
-1.3548014082049926E+01 a       399     0    25     1    15
5.9795879947345059E+00 a       400     0    25     1    16
4.9344165397886023E+01 a       401     0    26     1     1
-1.6024311052558835E+00 a       402     0    26     1     2
-1.0813565447813832E+02 a       403     0    26     1     3
-8.1601592130875602E+00 a       404     0    26     1     4
3.2541034313606929E+02 a       405     0    26     1     5
6.3249717350822202E+01 a       406     0    26     1     6
6.2211188462250163E+01 a       407     0    26     1     7
2.1994806448593817E+01 a       408     0    26     1     8
1.2417533331635434E+02 a       409     0    26     1     9
-2.7051726380484047E+02 a       410     0    26     1    10
1.8523368931482386E+02 a       411     0    26     1    11
2.7125128486986116E+00 a       412     0    26     1    12
7.5382612851818109E+01 a       413     0    26     1    13
-1.0839700087909408E+01 a       414     0    26     1    14
6.0860466351928459E+01 a       415     0    26     1    15
1.4675547210592535E+02 a       416     0    26     1    16
-2.0643526887856609E+01 a       417     0    27     1     1
-1.4713029887147249E+02 a       418     0    27     1     2
-1.9568195288838729E+02 a       419     0    27     1     3
-4.4488861889794961E+01 a       420     0    27     1     4
-3.3145919574305857E+01 a       421     0    27     1     5
4.6291655277230262E+01 a       422     0    27     1     6
-5.9460052118500855E+01 a       423     0    27     1     7
1.6432556146462153E+02 a       424     0    27     1     8
-1.3530753670668824E+01 a       425     0    27     1     9
-9.8551954406867406E+00 a       426     0    27     1    10
-1.9509729460216505E+02 a       427     0    27     1    11
7.2507263369833410E+01 a       428     0    27     1    12
9.6563368497126987E+01 a       429     0    27     1    13
1.4557595967504994E+02 a       430     0    27     1    14
1.0733683430787076E+01 a       431     0    27     1    15
1.1003270535142507E+02 a       432     0    27     1    16
-6.3007505027131941E+01 a       433     0    28     1     1
-5.2704603068197443E+01 a       434     0    28     1     2
3.4997028684451870E+01 a       435     0    28     1     3
-3.5679272844492629E+00 a       436     0    28     1     4
-2.5134954165432688E+01 a       437     0    28     1     5
4.7519363874351894E+00 a       438     0    28     1     6
1.1928384929051772E+02 a       439     0    28     1     7
-3.5897353800010556E+00 a       440     0    28     1     8
-8.0392607630276220E+00 a       441     0    28     1     9
8.4337713249366161E+01 a       442     0    28     1    10
-1.3752140758414994E-01 a       443     0    28     1    11
-1.3226229237891182E+01 a       444     0    28     1    12
3.2163162374263379E+01 a       445     0    28     1    13
1.4213297610061946E+02 a       446     0    28     1    14
3.4479727961976412E+00 a       447     0    28     1    15
5.9105818365719798E-01 a       448     0    28     1    16
3.1451271635442431E+01 a       449     0    29     1     1
1.5968839711093845E+00 a       450     0    29     1     2
-3.7112224145454064E+02 a       451     0    29     1     3
-5.8020769048358815E+01 a       452     0    29     1     4
3.3420928964680803E+02 a       453     0    29     1     5
6.8359559317986609E+01 a       454     0    29     1     6
1.9007271181865466E+01 a       455     0    29     1     7
4.1608337906569695E+01 a       456     0    29     1     8
1.0383364971431267E+02 a       457     0    29     1     9
-1.3683136358532460E+02 a       458     0    29     1    10
1.4622266683652740E+02 a       459     0    29     1    11
4.9716074816938999E+01 a       460     0    29     1    12
1.0872742252079799E+02 a       461     0    29     1    13
2.4930669718082655E+01 a       462     0    29     1    14
2.5654955506641941E+00 a       463     0    29     1    15
1.5779062770241353E+02 a       464     0    29     1    16
-2.4506273766456342E+01 a       465     0    30     1     1
-1.1918895988550246E+02 a       466     0    30     1     2
-4.9058323668785334E+01 a       467     0    30     1     3
-5.7280685398457365E+01 a       468     0    30     1     4
-5.8372534061296641E+01 a       469     0    30     1     5
5.9757378892195419E+01 a       470     0    30     1     6
1.6664744657202441E+01 a       471     0    30     1     7
2.6359776765445444E+00 a       472     0    30     1     8
-2.5809072162396273E+01 a       473     0    30     1     9
-7.2624999411646343E+00 a       474     0    30     1    10
-6.1840532805785067E+01 a       475     0    30     1    11
7.8926389812088445E+01 a       476     0    30     1    12
-1.1720295133886301E-01 a       477     0    30     1    13
7.3020488110007747E+01 a       478     0    30     1    14
-2.5546818431646470E+00 a       479     0    30     1    15
3.1283641935193472E+01 a       480     0    30     1    16
-4.0101720155596308E+02 a       481     0    31     1     1
-1.4959650919261824E+02 a       482     0    31     1     2
-1.9304685603503010E+01 a       483     0    31     1     3
-1.6043343120545589E+02 a       484     0    31     1     4
2.2929558450029336E+02 a       485     0    31     1     5
-7.8556083463414694E+01 a       486     0    31     1     6
-4.8556624620417843E+01 a       487     0    31     1     7
2.6766340894072769E+01 a       488     0    31     1     8
-7.0919642798328880E+01 a       489     0    31     1     9
-1.3701310131564949E+02 a       490     0    31     1    10
2.3746800693085211E+02 a       491     0    31     1    11
-7.5239510523061455E+01 a       492     0    31     1    12
1.9427047525877612E+02 a       493     0    31     1    13
3.2423028616213730E+02 a       494     0    31     1    14
-1.9690136597440249E+02 a       495     0    31     1    15
2.9501081046489464E+01 a       496     0    31     1    16
1.6636192465826905E+01 a       497     0    32     1     1
1.5354521225653772E+02 a       498     0    32     1     2
2.0555733238126544E+02 a       499     0    32     1     3
-7.6403944407862845E+00 a       500     0    32     1     4
1.3239812754385605E+02 a       501     0    32     1     5
3.7868501475596798E+02 a       502     0    32     1     6
-8.2967079209371917E+01 a       503     0    32     1     7
-3.3342513359091740E+01 a       504     0    32     1     8
7.3648667881832225E+01 a       505     0    32     1     9
-6.0142626202373765E+02 a       506     0    32     1    10
4.9739874647939274E+01 a       507     0    32     1    11
-3.6515590553146509E+01 a       508     0    32     1    12
-2.7196960838400759E+02 a       509     0    32     1    13
1.4985988591192657E+02 a       510     0    32     1    14
6.0936222727620525E+01 a       511     0    32     1    15
-1.0676091607504351E+02 a       512     0    32     1    16
-3.9119297976116272E+00 a       513     0    33     1     1
-5.4900316008906174E+01 a       514     0    33     1     2
-1.3754117257536925E+02 a       515     0    33     1     3
-7.2150709807441595E+00 a       516     0    33     1     4
-3.9348331996072368E+00 a       517     0    33     1     5
3.8656570753009949E+00 a       518     0    33     1     6
-5.1619909770966132E+01 a       519     0    33     1     7
1.3843421061850296E+02 a       520     0    33     1     8
-1.0526146914968058E+00 a       521     0    33     1     9
-7.7751442416440364E+00 a       522     0    33     1    10
-5.2553663729987747E+01 a       523     0    33     1    11
1.8191910649372129E+01 a       524     0    33     1    12
9.0551771995321218E+01 a       525     0    33     1    13
8.3898316571241907E+01 a       526     0    33     1    14
3.7558674428899574E+00 a       527     0    33     1    15
-3.1964229379016262E+00 a       528     0    33     1    16
-1.0603551541680922E+02 a       529     0    34     1     1
-9.3247080634514617E+01 a       530     0    34     1     2
7.0500067154375174E+01 a       531     0    34     1     3
-6.3771310362196179E+00 a       532     0    34     1     4
-3.9574379911082985E+01 a       533     0    34     1     5
1.2427544982728440E+01 a       534     0    34     1     6
1.2101732344444011E+02 a       535     0    34     1     7
-7.9771623030028227E+00 a       536     0    34     1     8
-1.3209691146363927E+01 a       537     0    34     1     9
7.6886417101761879E+01 a       538     0    34     1    10
-4.7040081613414690E+00 a       539     0    34     1    11
-1.8950418435117275E+01 a       540     0    34     1    12
5.4562645625689960E+01 a       541     0    34     1    13
2.5347516339591385E+02 a       542     0    34     1    14
6.4085542679253615E+00 a       543     0    34     1    15
-1.6219955800150674E+00 a       544     0    34     1    16
6.4818110742877417E+00 a       545     0    35     1     1
1.1730876350507174E+01 a       546     0    35     1     2
-5.7613273909304564E+02 a       547     0    35     1     3
-1.0307577894055328E+02 a       548     0    35     1     4
2.9534823666209945E+02 a       549     0    35     1     5
9.3570781727358437E+01 a       550     0    35     1     6
-2.9542211642079280E+01 a       551     0    35     1     7
4.8792315083576675E+01 a       552     0    35     1     8
6.4524013148594520E+01 a       553     0    35     1     9
-3.8003604038827369E+01 a       554     0    35     1    10
6.9308755269471320E+01 a       555     0    35     1    11
9.0600381685307809E+01 a       556     0    35     1    12
1.1538860113344624E+02 a       557     0    35     1    13
7.0101018853821458E+01 a       558     0    35     1    14
-5.6747292894043163E+01 a       559     0    35     1    15
1.5170129771286636E+02 a       560     0    35     1    16
-1.3999629579702271E+01 a       561     0    36     1     1
-5.5047808944281719E+01 a       562     0    36     1     2
4.7462403003895737E+01 a       563     0    36     1     3
-3.3313684831531418E+01 a       564     0    36     1     4
-5.9470872589893325E+01 a       565     0    36     1     5
3.2883836583914885E+01 a       566     0    36     1     6
6.6300775202434778E+01 a       567     0    36     1     7
-1.0583600860525493E+02 a       568     0    36     1     8
-2.1905322372829250E+01 a       569     0    36     1     9
-3.8653453418455932E+00 a       570     0    36     1    10
2.7084451544805006E+02 a       571     0    36     1    11
4.2888465666120169E+01 a       572     0    36     1    12
-3.6575023131401707E+01 a       573     0    36     1    13
8.3883432488876135E+00 a       574     0    36     1    14
-1.1825380695329532E+01 a       575     0    36     1    15
-1.7217895422887815E+02 a       576     0    36     1    16
-1.4366691281621588E-01 a       577     0    37     1     1
-2.3807744248993609E-01 a       578     0    37     1     2
4.6876821693687709E-01 a       579     0    37     1     3
1.4152845858438334E-01 a       580     0    37     1     4
-1.5961156884902217E-01 a       581     0    37     1     5
1.8344786419097425E-01 a       582     0    37     1     6
1.1668649666162790E+02 a       583     0    37     1     7
1.5888534200644239E-01 a       584     0    37     1     8
2.9251691480604591E-01 a       585     0    37     1     9
9.6787723176171866E+01 a       586     0    37     1    10
-2.7621155422838972E-01 a       587     0    37     1    11
-1.1235710952230544E-02 a       588     0    37     1    12
4.3401029811339573E-02 a       589     0    37     1    13
-2.1408034107302690E-01 a       590     0    37     1    14
2.3175703163976510E-01 a       591     0    37     1    15
1.1274616902631955E-02 a       592     0    37     1    16
7.6923147495623326E+01 a       593     0    38     1     1
3.6044900222671985E+00 a       594     0    38     1     2
-1.9602430135484177E+01 a       595     0    38     1     3
-2.8066040119806413E+01 a       596     0    38     1     4
1.6629913046603440E+02 a       597     0    38     1     5
-1.3911348762564560E+02 a       598     0    38     1     6
2.7030207543518429E+01 a       599     0    38     1     7
2.7452382531509020E+01 a       600     0    38     1     8
4.9134313222456733E+01 a       601     0    38     1     9
3.9649183584164757E+02 a       602     0    38     1    10
-1.3845726340381464E+01 a       603     0    38     1    11
-5.2406213206299270E+01 a       604     0    38     1    12
-4.0736870757919370E+01 a       605     0    38     1    13
3.1512265071027858E+01 a       606     0    38     1    14
1.6704718908684910E+02 a       607     0    38     1    15
5.0850904556451290E+01 a       608     0    38     1    16
-2.5895068264040816E-01 a       609     0    39     1     1
2.2983792953775786E-01 a       610     0    39     1     2
1.5701947468221120E+00 a       611     0    39     1     3
-1.6898035090667429E+00 a       612     0    39     1     4
-1.5671411777176443E+01 a       613     0    39     1     5
1.4510348460716938E+00 a       614     0    39     1     6
9.1542113973314471E+01 a       615     0    39     1     7
-5.5406160277276214E+01 a       616     0    39     1     8
-7.3620097848151234E-01 a       617     0    39     1     9
2.2847804259162041E-01 a       618     0    39     1    10
-4.1394634909093185E+01 a       619     0    39     1    11
1.8656816861223731E+00 a       620     0    39     1    12
-7.2834749008054249E+00 a       621     0    39     1    13
-1.2191091244274425E+01 a       622     0    39     1    14
-1.6116928627742283E+01 a       623     0    39     1    15
-1.1531294662747300E+02 a       624     0    39     1    16
-2.4087604953850658E-01 a       625     0    40     1     1
-1.0316228635925065E-01 a       626     0    40     1     2
3.0897555100152818E-01 a       627     0    40     1     3
-1.1383802053856172E-01 a       628     0    40     1     4
3.8944068974148999E-01 a       629     0    40     1     5
3.8097580170532622E-02 a       630     0    40     1     6
1.1708851940805197E+02 a       631     0    40     1     7
2.0208328253725802E-01 a       632     0    40     1     8
-1.2141069642880732E-01 a       633     0    40     1     9
9.6616118931473835E+01 a       634     0    40     1    10
-7.5478922302618240E-02 a       635     0    40     1    11
1.3310022786027720E-01 a       636     0    40     1    12
-1.8863722957953785E-01 a       637     0    40     1    13
6.9716329012272468E-02 a       638     0    40     1    14
-7.3938287234981803E-02 a       639     0    40     1    15
-1.9586060201727481E-02 a       640     0    40     1    16
7.1352817586568008E+01 a       641     0    41     1     1
7.3160735072018896E+00 a       642     0    41     1     2
-8.3522759354582199E+00 a       643     0    41     1     3
-4.3681373521484211E+01 a       644     0    41     1     4
1.8431318972817093E+02 a       645     0    41     1     5
-1.1085798799698721E+02 a       646     0    41     1     6
2.6047139646547233E+01 a       647     0    41     1     7
2.0870611481009071E+01 a       648     0    41     1     8
5.6393233537675961E+01 a       649     0    41     1     9
4.5456097603092604E+02 a       650     0    41     1    10
-5.7256558100568844E+00 a       651     0    41     1    11
-3.4684235087825741E+01 a       652     0    41     1    12
-4.1186673779726561E+01 a       653     0    41     1    13
4.7596625084968949E+00 a       654     0    41     1    14
1.4695772296493377E+02 a       655     0    41     1    15
3.9392216388589837E+01 a       656     0    41     1    16
-5.4122255552973098E-01 a       657     0    42     1     1
5.4962231067302669E-01 a       658     0    42     1     2
1.0750022765870699E+00 a       659     0    42     1     3
-8.6055975357395476E-01 a       660     0    42     1     4
-1.0560590184243313E+01 a       661     0    42     1     5
7.0068663499067330E-01 a       662     0    42     1     6
6.2359722063390123E+01 a       663     0    42     1     7
-5.5025450241016408E+01 a       664     0    42     1     8
-8.8436236900381782E-01 a       665     0    42     1     9
2.5457726422109489E-01 a       666     0    42     1    10
-3.1546819024919525E+01 a       667     0    42     1    11
1.5014516135720026E+00 a       668     0    42     1    12
-4.7999487963542160E+00 a       669     0    42     1    13
-8.5454290229392473E+00 a       670     0    42     1    14
-1.4091165192212445E+01 a       671     0    42     1    15
-9.8085952131332093E+01 a       672     0    42     1    16
2.6632830752106540E-01 a       673     0    43     1     1
-8.7232758180280964E-02 a       674     0    43     1     2
3.7828866636437403E-01 a       675     0    43     1     3
8.1244243215147935E-02 a       676     0    43     1     4
4.4552143662929206E-01 a       677     0    43     1     5
1.2292805503410156E-01 a       678     0    43     1     6
1.1701157705417772E+02 a       679     0    43     1     7
-1.3247698362495083E-01 a       680     0    43     1     8
3.5579571306985258E-01 a       681     0    43     1     9
9.6221108729451615E+01 a       682     0    43     1    10
-3.1958563884587982E-01 a       683     0    43     1    11
-4.2962334013850556E-01 a       684     0    43     1    12
1.0904671972578298E-01 a       685     0    43     1    13
3.5798319561656650E-01 a       686     0    43     1    14
8.5486854112759830E-02 a       687     0    43     1    15
-2.2942052941029983E-01 a       688     0    43     1    16
8.7076577361036513E+01 a       689     0    44     1     1
-2.7737097368965395E+00 a       690     0    44     1     2
-3.8740602767183482E+01 a       691     0    44     1     3
3.2481327107396369E+00 a       692     0    44     1     4
1.3140457822520327E+02 a       693     0    44     1     5
-1.8860601722054452E+02 a       694     0    44     1     6
3.0530971565653644E+01 a       695     0    44     1     7
3.8572397587284350E+01 a       696     0    44     1     8
3.6768361862769837E+01 a       697     0    44     1     9
2.8830398220513712E+02 a       698     0    44     1    10
-2.9358118164511517E+01 a       699     0    44     1    11
-8.4542974486546939E+01 a       700     0    44     1    12
-4.0143259595635762E+01 a       701     0    44     1    13
7.8659850495227076E+01 a       702     0    44     1    14
2.0146571273787424E+02 a       703     0    44     1    15
7.1237927148838367E+01 a       704     0    44     1    16
-2.0198746922903138E-01 a       705     0    45     1     1
3.5176272357026722E-01 a       706     0    45     1     2
3.4359479482167071E-01 a       707     0    45     1     3
-2.9453656261809757E-01 a       708     0    45     1     4
-4.5663828444518160E+00 a       709     0    45     1     5
5.7934526467220782E-01 a       710     0    45     1     6
2.6486498265263052E+01 a       711     0    45     1     7
-8.4474207240524759E+00 a       712     0    45     1     8
-2.3102730352584161E-01 a       713     0    45     1     9
3.6819585775555441E-01 a       714     0    45     1    10
-9.1114424059570389E+00 a       715     0    45     1    11
3.4492194738263371E-01 a       716     0    45     1    12
-2.0178646237262714E+00 a       717     0    45     1    13
-3.2167356767359876E+00 a       718     0    45     1    14
-3.1511522501863500E+00 a       719     0    45     1    15
-2.4337135149858707E+01 a       720     0    45     1    16
-1.0898081592207012E-01 a       721     0    46     1     1
-6.9977522256485500E-02 a       722     0    46     1     2
2.1547551613243268E-01 a       723     0    46     1     3
-2.4569304156180849E-01 a       724     0    46     1     4
-8.3223896464618072E-02 a       725     0    46     1     5
-1.3753432094110482E-01 a       726     0    46     1     6
1.1673083534768287E+02 a       727     0    46     1     7
-8.5489857484073437E-02 a       728     0    46     1     8
1.8352479701697019E-01 a       729     0    46     1     9
9.6504641499620718E+01 a       730     0    46     1    10
-2.2918014545806467E-01 a       731     0    46     1    11
1.3530719348070672E-01 a       732     0    46     1    12
-2.2354146164562066E-01 a       733     0    46     1    13
-2.1784658225956391E-01 a       734     0    46     1    14
-1.6004654536259608E-01 a       735     0    46     1    15
2.7595667597679785E-01 a       736     0    46     1    16
6.0089364044557541E+01 a       737     0    47     1     1
9.5302694308564959E+00 a       738     0    47     1     2
1.5166365826906933E+00 a       739     0    47     1     3
-5.2896547466693725E+01 a       740     0    47     1     4
1.8368601479926673E+02 a       741     0    47     1     5
-7.7678140476367517E+01 a       742     0    47     1     6
2.3230806292482068E+01 a       743     0    47     1     7
1.3764466646101688E+01 a       744     0    47     1     8
5.7621647612941665E+01 a       745     0    47     1     9
4.6470069011145654E+02 a       746     0    47     1    10
1.9905276091878894E+00 a       747     0    47     1    11
-1.6302465838957382E+01 a       748     0    47     1    12
-3.7811597314576183E+01 a       749     0    47     1    13
-1.7820650576198460E+01 a       750     0    47     1    14
1.1803234847854488E+02 a       751     0    47     1    15
2.6357792248096409E+01 a       752     0    47     1    16
-4.3297872281412791E-01 a       753     0    48     1     1
5.6664026642309984E-01 a       754     0    48     1     2
5.0171326677167782E-01 a       755     0    48     1     3
-9.9517411350717477E-01 a       756     0    48     1     4
-6.6146214713732601E+00 a       757     0    48     1     5
5.7199658897578487E-01 a       758     0    48     1     6
3.6438144140653748E+01 a       759     0    48     1     7
-5.4451166450993583E+01 a       760     0    48     1     8
-2.9928109691009497E-01 a       761     0    48     1     9
2.0641772367111019E-01 a       762     0    48     1    10
-2.0225355251025707E+01 a       763     0    48     1    11
5.7596725453352449E-01 a       764     0    48     1    12
-2.6856242633854177E+00 a       765     0    48     1    13
-5.3716198265113251E+00 a       766     0    48     1    14
-1.1232790314326330E+01 a       767     0    48     1    15
-8.2657377594163620E+01 a       768     0    48     1    16
-3.9783959141039014E+02 b       769     1     1
3.0687715700556868E+01 b       770     1     2
-2.6183012460379456E+02 b       771     1     3
-1.9965860048382797E+02 b       772     1     4
-1.5223625009212915E+02 b       773     1     5
9.6933981938200390E+01 b       774     1     6
-5.1349722032020431E+00 b       775     1     7
1.0648631528723863E+01 b       776     1     8
8.7840560223203951E+01 b       777     1     9
-3.0378589209497528E+02 b       778     1    10
-9.6197289108575490E-01 b       779     1    11
2.0623093620497241E+02 b       780     1    12
-9.4477482429661180E+01 b       781     1    13
7.7179182087202960E+01 b       782     1    14
3.7877093652401578E+02 b       783     1    15
5.6501605473135939E+01 b       784     1    16
3.1310507320512471E+01 a       785     1     1     2     1
-8.6975799105722174E+01 a       786     1     1     2     2
-4.9805582703620183E+02 a       787     1     1     2     3
-9.2277159077197819E+00 a       788     1     1     2     4
7.6250157504866763E+02 a       789     1     1     2     5
5.3871492119745619E+02 a       790     1     1     2     6
-1.3625358214296764E+02 a       791     1     1     2     7
-2.3813923008492586E+02 a       792     1     1     2     8
-1.8822641215285023E+02 a       793     1     1     2     9
1.8143741619516507E+02 a       794     1     1     2    10
-4.1184761246116284E+02 a       795     1     1     2    11
1.2528039709930986E+03 a       796     1     1     2    12
1.4074433075301988E+02 a       797     1     1     2    13
2.8360450800654337E+02 a       798     1     1     2    14
-1.4885982237303227E+02 a       799     1     1     2    15
-2.7543603740587292E+02 a       800     1     1     2    16
-1.3591144544755915E+01 a       801     1     2     2     1
3.4684918345351143E+01 a       802     1     2     2     2
-1.0759716930519359E+01 a       803     1     2     2     3
1.4543246478768154E+02 a       804     1     2     2     4
5.6318403855028045E+01 a       805     1     2     2     5
-8.4007889919820080E+00 a       806     1     2     2     6
-4.4323769540119905E+01 a       807     1     2     2     7
-1.5310405193246440E+01 a       808     1     2     2     8
-2.2049940826765996E+02 a       809     1     2     2     9
9.9429379690047881E+00 a       810     1     2     2    10
-2.9335859722350264E+01 a       811     1     2     2    11
6.6978148780409890E+02 a       812     1     2     2    12
1.7614466883105067E+02 a       813     1     2     2    13
-3.2951071540681940E+00 a       814     1     2     2    14
2.8625042392768187E+01 a       815     1     2     2    15
-4.2739895097515168E+00 a       816     1     2     2    16
-1.5148497528262487E+02 a       817     1     3     2     1
2.6922751311941875E+00 a       818     1     3     2     2
-7.9248716293400321E+01 a       819     1     3     2     3
-1.5563254087685621E+02 a       820     1     3     2     4
-1.1625509435785492E+01 a       821     1     3     2     5
-7.1730931539960082E+01 a       822     1     3     2     6
-3.5616757103706881E+01 a       823     1     3     2     7
-1.0189409093920189E+02 a       824     1     3     2     8
1.4177150106982785E+02 a       825     1     3     2     9
-2.2681445614524652E+01 a       826     1     3     2    10
-5.1012064986043879E+02 a       827     1     3     2    11
-4.0045157752559811E+02 a       828     1     3     2    12
2.6936747551670280E+01 a       829     1     3     2    13
-2.2233836000445510E+01 a       830     1     3     2    14
-3.3824400360648760E+01 a       831     1     3     2    15
-1.5998727690223907E+02 a       832     1     3     2    16
-5.6504481912149043E+00 a       833     1     4     2     1
4.5824307928252034E+02 a       834     1     4     2     2
-7.2076518720949537E+02 a       835     1     4     2     3
-1.7172574463446421E+02 a       836     1     4     2     4
4.9033362579788746E+02 a       837     1     4     2     5
1.4740255212662714E+02 a       838     1     4     2     6
-3.9694867003238635E+01 a       839     1     4     2     7
1.7578830165175211E+02 a       840     1     4     2     8
2.3661436265657611E+02 a       841     1     4     2     9
8.7386965490623638E+01 a       842     1     4     2    10
-4.4292842937521095E+02 a       843     1     4     2    11
-3.1409427604460393E+03 a       844     1     4     2    12
-2.0578670076783851E+02 a       845     1     4     2    13
-2.3088990604590007E+00 a       846     1     4     2    14
-2.8658283088336037E+02 a       847     1     4     2    15
2.7202021035254990E+02 a       848     1     4     2    16
4.2677948681601556E+01 a       849     1     5     2     1
6.7007222325348209E+01 a       850     1     5     2     2
-8.2897133095235120E+01 a       851     1     5     2     3
-4.2834585575343747E+00 a       852     1     5     2     4
5.6816912972755347E+00 a       853     1     5     2     5
-2.1914214293112451E+01 a       854     1     5     2     6
-9.0594200394474544E+00 a       855     1     5     2     7
-4.9883006310660516E+00 a       856     1     5     2     8
-2.0043525688682925E+02 a       857     1     5     2     9
1.3635181337230878E+02 a       858     1     5     2    10
-5.8177721565843785E+02 a       859     1     5     2    11
3.8352691829279451E+02 a       860     1     5     2    12
-2.7736884804715842E+01 a       861     1     5     2    13
-8.9995801450242290E+00 a       862     1     5     2    14
-3.8502529979877735E+01 a       863     1     5     2    15
-2.1212476105014528E+02 a       864     1     5     2    16
3.3156313343955310E+02 a       865     1     6     2     1
-3.8332033155250187E+01 a       866     1     6     2     2
-2.6865791180399594E+02 a       867     1     6     2     3
3.7591385891329011E+01 a       868     1     6     2     4
9.8342875545684464E+01 a       869     1     6     2     5
2.8976000278317150E+02 a       870     1     6     2     6
-9.8365216452916002E+01 a       871     1     6     2     7
-3.2258345768767543E+02 a       872     1     6     2     8
2.5688547945701845E+02 a       873     1     6     2     9
-4.8688286037212187E+01 a       874     1     6     2    10
1.4345740266691831E+02 a       875     1     6     2    11
4.9732573753849124E+02 a       876     1     6     2    12
1.0286121004427406E+02 a       877     1     6     2    13
-1.3894270749281034E+02 a       878     1     6     2    14
-1.6705433234916168E+02 a       879     1     6     2    15
-1.1647581487612750E+02 a       880     1     6     2    16
-6.2837833108849146E+01 a       881     1     7     2     1
4.7604076930327480E+01 a       882     1     7     2     2
2.7718487646045036E+00 a       883     1     7     2     3
2.3216633797771024E+02 a       884     1     7     2     4
-4.1955141429140120E+01 a       885     1     7     2     5
-3.3431406081298420E+01 a       886     1     7     2     6
5.9303712981147740E+01 a       887     1     7     2     7
1.3309199251378519E+01 a       888     1     7     2     8
2.4179627189827474E+02 a       889     1     7     2     9
2.3315786330259868E+01 a       890     1     7     2    10
-1.7697403539182056E+02 a       891     1     7     2    11
-7.0503521902644309E+02 a       892     1     7     2    12
-1.9540426505844685E+01 a       893     1     7     2    13
-2.8793755477227791E+01 a       894     1     7     2    14
-6.9167730605608369E+01 a       895     1     7     2    15
-2.2413714873477076E+02 a       896     1     7     2    16
-2.1561030907558326E+01 a       897     1     8     2     1
-2.3099676773034787E+02 a       898     1     8     2     2
1.7104056538739388E+02 a       899     1     8     2     3
9.4325339060545886E+01 a       900     1     8     2     4
-2.6261593300045849E+01 a       901     1     8     2     5
2.2211014287052325E+02 a       902     1     8     2     6
-1.9498194871705348E+02 a       903     1     8     2     7
-1.5603045914598573E+02 a       904     1     8     2     8
2.3366604832660997E+01 a       905     1     8     2     9
2.1874155924377038E+02 a       906     1     8     2    10
1.5808523875217105E+02 a       907     1     8     2    11
2.9712307423637856E+02 a       908     1     8     2    12
6.7863448610773432E+01 a       909     1     8     2    13
-1.7470816742650987E+02 a       910     1     8     2    14
1.3160486756970960E+02 a       911     1     8     2    15
1.5112055245072710E+02 a       912     1     8     2    16
4.9806984076178267E+01 a       913     1     9     2     1
-2.3839848332740621E+02 a       914     1     9     2     2
-1.1050938810428825E+02 a       915     1     9     2     3
1.9831703382131974E+02 a       916     1     9     2     4
7.8407742082916138E+02 a       917     1     9     2     5
-1.2631530959022905E+02 a       918     1     9     2     6
-8.0970395570716437E+02 a       919     1     9     2     7
3.1736014510829352E+02 a       920     1     9     2     8
-2.6517730485694153E+02 a       921     1     9     2     9
-1.5395932594000939E+02 a       922     1     9     2    10
1.0104308318286751E+03 a       923     1     9     2    11
9.2374252737857114E+02 a       924     1     9     2    12
-4.7154976855954359E+01 a       925     1     9     2    13
1.1038193836092466E+02 a       926     1     9     2    14
-5.9130586959667312E+01 a       927     1     9     2    15
-2.0469956684611913E+02 a       928     1     9     2    16
3.6867446875375344E+02 a       929     1    10     2     1
1.3887019970580766E+02 a       930     1    10     2     2
-6.7938788229585143E+01 a       931     1    10     2     3
9.8446555323615343E+01 a       932     1    10     2     4
-2.7261415052389708E+02 a       933     1    10     2     5
1.5993546033461425E+02 a       934     1    10     2     6
9.3343380736760238E+01 a       935     1    10     2     7
-5.6275698929285727E+02 a       936     1    10     2     8
2.9434152798052241E+02 a       937     1    10     2     9
5.6790412060812673E+02 a       938     1    10     2    10
-9.5275854663202622E+01 a       939     1    10     2    11
-8.7489090764135235E+03 a       940     1    10     2    12
-2.6922278702597546E-01 a       941     1    10     2    13
-3.0342820734914866E+01 a       942     1    10     2    14
1.4052319030938713E+02 a       943     1    10     2    15
2.0498114331060358E+02 a       944     1    10     2    16
-7.7340855951691267E+00 a       945     1    11     2     1
-1.2668524869179505E+01 a       946     1    11     2     2
-1.2840248312451692E+01 a       947     1    11     2     3
-2.9432383869715721E+02 a       948     1    11     2     4
1.4021985807592536E+01 a       949     1    11     2     5
3.6264350566553553E+01 a       950     1    11     2     6
4.7751081535840640E+00 a       951     1    11     2     7
-3.8744339617095083E+00 a       952     1    11     2     8
2.1283888034696866E+02 a       953     1    11     2     9
4.7538947028140967E+01 a       954     1    11     2    10
-2.2070863970930592E+01 a       955     1    11     2    11
6.7853391775709909E+01 a       956     1    11     2    12
2.1635004780835597E+01 a       957     1    11     2    13
1.0015914403435406E+01 a       958     1    11     2    14
-4.9806539322480546E+01 a       959     1    11     2    15
-2.1614267271719851E+02 a       960     1    11     2    16
2.8326328542748564E+02 a       961     1    12     2     1
1.5089334086115374E+01 a       962     1    12     2     2
2.9285740097132231E+02 a       963     1    12     2     3
-3.1830238706827380E+01 a       964     1    12     2     4
1.5424652732776276E+03 a       965     1    12     2     5
-2.4896970728489453E+02 a       966     1    12     2     6
2.5328413190865328E+02 a       967     1    12     2     7
1.9660253607995963E+02 a       968     1    12     2     8
3.4710713556502874E+01 a       969     1    12     2     9
1.2573923776192187E+02 a       970     1    12     2    10
-8.8485505589552702E+02 a       971     1    12     2    11
-1.0393339376276144E+03 a       972     1    12     2    12
-4.9101611526374462E+01 a       973     1    12     2    13
1.0972987927475701E+02 a       974     1    12     2    14
-1.2768177135807196E+02 a       975     1    12     2    15
-2.7454569107668661E+01 a       976     1    12     2    16
-1.1894297641034150E+01 a       977     1    13     2     1
2.3448031111831305E+01 a       978     1    13     2     2
5.7768199311571237E+01 a       979     1    13     2     3
-3.7041096295583191E+02 a       980     1    13     2     4
1.7374439098373905E+01 a       981     1    13     2     5
2.2188553280578212E+01 a       982     1    13     2     6
-1.6388691540099153E+01 a       983     1    13     2     7
-1.6438224048957331E+01 a       984     1    13     2     8
1.6837092527813783E+02 a       985     1    13     2     9
9.3242391689779510E+01 a       986     1    13     2    10
1.9033354536336386E+01 a       987     1    13     2    11
-6.5977753342618814E+02 a       988     1    13     2    12
7.8924313647627038E+00 a       989     1    13     2    13
-2.6973850130537357E+01 a       990     1    13     2    14
3.7754702937675830E+01 a       991     1    13     2    15
2.3023789575895788E+02 a       992     1    13     2    16
-1.3625017266582771E+02 a       993     1    14     2     1
-1.9426916945335103E+02 a       994     1    14     2     2
-1.7152823098456206E+01 a       995     1    14     2     3
-2.0076660927397137E+02 a       996     1    14     2     4
-2.4748179829524517E+01 a       997     1    14     2     5
3.7556102235912945E+01 a       998     1    14     2     6
8.5424400220834158E+01 a       999     1    14     2     7
-3.2748602039308707E+02 a      1000     1    14     2     8
-1.3923784234735027E+02 a      1001     1    14     2     9
-1.7792628491866461E+02 a      1002     1    14     2    10
-1.4795751124713142E+01 a      1003     1    14     2    11
-1.2555704973096944E+02 a      1004     1    14     2    12
-2.0450432610657924E+01 a      1005     1    14     2    13
-4.3805210610083016E+01 a      1006     1    14     2    14
-4.1082466830974333E+01 a      1007     1    14     2    15
-7.9197142806201143E+01 a      1008     1    14     2    16
-8.4000720256099541E+01 a      1009     1    15     2     1
8.5936703998727140E+01 a      1010     1    15     2     2
2.3610083440345386E+02 a      1011     1    15     2     3
-2.9720466007581354E+02 a      1012     1    15     2     4
5.7623609296199106E+02 a      1013     1    15     2     5
5.6031549560666605E+01 a      1014     1    15     2     6
9.1841765445652140E+02 a      1015     1    15     2     7
-1.0379197124476568E+02 a      1016     1    15     2     8
5.7702660184976935E+01 a      1017     1    15     2     9
-3.8808177159022580E+02 a      1018     1    15     2    10
-1.6931410571714889E+03 a      1019     1    15     2    11
1.0294655189911580E+03 a      1020     1    15     2    12
-3.8838601573667439E+01 a      1021     1    15     2    13
-3.2126540968317090E+02 a      1022     1    15     2    14
-3.2200600680871281E+02 a      1023     1    15     2    15
7.8372646553553352E+01 a      1024     1    15     2    16
2.4202673565317120E+01 a      1025     1    16     2     1
8.7572382898881500E+00 a      1026     1    16     2     2
-5.7398769062480298E+01 a      1027     1    16     2     3
2.1910430911424544E+02 a      1028     1    16     2     4
-8.7664408201648563E+00 a      1029     1    16     2     5
-4.8667202055907353E+01 a      1030     1    16     2     6
-5.9556675562739557E+01 a      1031     1    16     2     7
3.3470600749616423E+01 a      1032     1    16     2     8
-2.1677469827318959E+02 a      1033     1    16     2     9
-7.0071789416407910E+01 a      1034     1    16     2    10
-4.4270594952110024E+01 a      1035     1    16     2    11
2.5151690219413288E+02 a      1036     1    16     2    12
1.0988198131978486E+01 a      1037     1    16     2    13
-1.0303900475217876E+01 a      1038     1    16     2    14
3.1348506560495572E+01 a      1039     1    16     2    15
3.8624392808762042E+02 a      1040     1    16     2    16
-1.7786191248097020E+02 b      1041     2     1
6.5367978446537819E+01 b      1042     2     2
-8.9237332570470585E+01 b      1043     2     3
-9.2701432761191498E+01 b      1044     2     4
1.6374194551865335E+02 b      1045     2     5
-2.4055806703355449E+02 b      1046     2     6
-9.8859645850882671E+01 b      1047     2     7
1.9536038524115320E+01 b      1048     2     8
-1.5996969959777041E+02 b      1049     2     9
-8.8889684705182262E+01 b      1050     2    10
6.9502628322101131E+01 b      1051     2    11
1.0047315874889405E+03 b      1052     2    12
-5.3179688608914226E+01 b      1053     2    13
-3.2743046292902801E+02 b      1054     2    14
-1.7337872776559215E+02 b      1055     2    15
2.5674184655590295E+02 b      1056     2    16
9.8597752897317805E-04 a      1057     2     1     3     1
-9.1267778379368805E-03 a      1058     2     2     3     1
8.7373194974090657E-03 a      1059     2     3     3     1
3.2688175316456240E-05 a      1060     2     4     3     1
2.4999619197430035E-02 a      1061     2     5     3     1
5.8720854251459800E-02 a      1062     2     6     3     1
3.6639339920799320E-03 a      1063     2     7     3     1
-7.6864763201196507E-03 a      1064     2     8     3     1
-2.5476026658161288E-02 a      1065     2     9     3     1
3.1604022000489454E-03 a      1066     2    10     3     1
-4.2121080351229592E-03 a      1067     2    11     3     1
1.4216513739111324E-02 a      1068     2    12     3     1
1.6149920559511897E-02 a      1069     2    13     3     1
3.9565878076211189E-02 a      1070     2    14     3     1
1.0746759064667153E-02 a      1071     2    15     3     1
1.9321377815831025E-02 a      1072     2    16     3     1
4.8259626233495894E+00 b      1073     3     1