-6.8544421848038027E+01 a         1     0     1     1     1
-7.9077527133105889E+02 a         2     0     1     1     2
4.8176336772175989E+02 a         3     0     1     1     3
-1.7871238127472877E+03 a         4     0     1     1     4
-1.0584602107805808E+03 a         5     0     1     1     5
2.8988662586955434E+03 a         6     0     1     1     6
-8.2370199416828746E+02 a         7     0     1     1     7
-5.9762402453856203E+02 a         8     0     1     1     8
1.3909828723412227E+03 a         9     0     1     1     9
-7.3612178791722170E+02 a        10     0     1     1    10
-2.4084326226718831E+03 a        11     0     1     1    11
-1.1950718264406028E+03 a        12     0     1     1    12
2.3737981563152101E+02 a        13     0     1     1    13
9.9308626262027042E+02 a        14     0     1     1    14
-7.0787281740939284E+02 a        15     0     1     1    15
1.9139967417270753E+04 a        16     0     1     1    16
6.6625758084588131E+02 a        17     0     2     1     1
1.6278931788604385E+02 a        18     0     2     1     2
2.0099922069451002E+03 a        19     0     2     1     3
-1.0623965728537869E+03 a        20     0     2     1     4
5.3433705957057941E+02 a        21     0     2     1     5
-2.5143071953301910E+03 a        22     0     2     1     6
8.9162464509502548E-01 a        23     0     2     1     7
1.9113488968931706E+03 a        24     0     2     1     8
-5.0970688347936874E+02 a        25     0     2     1     9
1.6329208391024645E+03 a        26     0     2     1    10
4.7817505113369371E+03 a        27     0     2     1    11
3.4487417936726165E+03 a        28     0     2     1    12
-1.1574802370013076E+03 a        29     0     2     1    13
1.8334822498930268E+03 a        30     0     2     1    14
2.4003570619070310E+03 a        31     0     2     1    15
-1.1750932694904437E+04 a        32     0     2     1    16
1.7887679013786258E+03 a        33     0     3     1     1
-1.0917160123308945E+03 a        34     0     3     1     2
-1.7067244313591912E+03 a        35     0     3     1     3
-7.1651741826134435E+02 a        36     0     3     1     4
3.0732086313722010E+02 a        37     0     3     1     5
2.9438959582867633E+03 a        38     0     3     1     6
-7.5990223434601990E+02 a        39     0     3     1     7
-7.5607379559872982E+02 a        40     0     3     1     8
-2.8765685841518894E+03 a        41     0     3     1     9
2.8491080643793102E+03 a        42     0     3     1    10
-4.6343138843467104E+03 a        43     0     3     1    11
2.3481865865249961E+03 a        44     0     3     1    12
-1.4257041932831542E+03 a        45     0     3     1    13
3.4243064064509593E+02 a        46     0     3     1    14
1.5483020660006121E+03 a        47     0     3     1    15
1.6898800922868282E+04 a        48     0     3     1    16
4.8723295845036171E+02 a        49     0     4     1     1
8.3117318464051573E+02 a        50     0     4     1     2
-4.7526557209549702E+02 a        51     0     4     1     3
-3.4391453595529725E+02 a        52     0     4     1     4
5.2296053974722179E+02 a        53     0     4     1     5
-3.5248922681399977E+03 a        54     0     4     1     6
8.3055764058876616E+02 a        55     0     4     1     7
5.5469572497573347E+02 a        56     0     4     1     8
6.6194241029895113E+02 a        57     0     4     1     9
-3.7870058673415417E+02 a        58     0     4     1    10
5.6304303335398799E+03 a        59     0     4     1    11
-1.8079122163226125E+03 a        60     0     4     1    12
2.1451677588036373E+03 a        61     0     4     1    13
-2.8622457135156237E+03 a        62     0     4     1    14
-9.6529561667775715E+02 a        63     0     4     1    15
-1.7036527503807221E+04 a        64     0     4     1    16
2.3323731341685143E+03 a        65     0     5     1     1
-9.9935223217571831E+02 a        66     0     5     1     2
-6.3523288243530772E+02 a        67     0     5     1     3
1.1827038788306079E+03 a        68     0     5     1     4
-2.6766514337406120E+03 a        69     0     5     1     5
2.4437404226120496E+01 a        70     0     5     1     6
4.5750247456448697E+01 a        71     0     5     1     7
-1.9636225609023413E+03 a        72     0     5     1     8
-8.4451630122417941E+02 a        73     0     5     1     9
2.6173910230236629E+03 a        74     0     5     1    10
-9.4273975795584192E+02 a        75     0     5     1    11
2.0069049386222364E+03 a        76     0     5     1    12
2.6582475006491057E+02 a        77     0     5     1    13
2.2388094057178782E+03 a        78     0     5     1    14
1.6059969773060639E+03 a        79     0     5     1    15
-2.7514890334647039E+03 a        80     0     5     1    16
2.3538860813621071E+02 a        81     0     6     1     1
-1.7694730013210705E+02 a        82     0     6     1     2
4.8409178266057438E+02 a        83     0     6     1     3
-1.1078987182619207E+03 a        84     0     6     1     4
1.1502419306011812E+02 a        85     0     6     1     5
8.4973055052737800E+02 a        86     0     6     1     6
3.3276922267316650E+02 a        87     0     6     1     7
-1.9407530750569047E+03 a        88     0     6     1     8
8.9240891973923590E+02 a        89     0     6     1     9
-5.2251786430417883E+02 a        90     0     6     1    10
9.4548365152523820E+02 a        91     0     6     1    11
-1.3013766526880706E+03 a        92     0     6     1    12
-4.6424238539569797E+02 a        93     0     6     1    13
1.6924941650148756E+02 a        94     0     6     1    14
-2.4070889483149331E+03 a        95     0     6     1    15
3.0535856933153223E+03 a        96     0     6     1    16
1.1768134888238573E+02 a        97     0     7     1     1
-1.3323863496650102E+02 a        98     0     7     1     2
1.2659589389313476E+03 a        99     0     7     1     3
3.1841004867991848E+02 a       100     0     7     1     4
-3.6778761198017733E+03 a       101     0     7     1     5
7.1714895546189643E+02 a       102     0     7     1     6
-4.8962630299020651E+02 a       103     0     7     1     7
-2.5812742726665465E+02 a       104     0     7     1     8
2.0020352142057984E+03 a       105     0     7     1     9
5.0592456458672359E+02 a       106     0     7     1    10
-4.4421513814513037E+02 a       107     0     7     1    11
-8.4057775100887011E+02 a       108     0     7     1    12
1.3679639259066230E+03 a       109     0     7     1    13
3.9922409808665125E+03 a       110     0     7     1    14
2.7664686504464858E+03 a       111     0     7     1    15
-9.0483922821800534E+03 a       112     0     7     1    16
6.7578785319725546E+02 a       113     0     8     1     1
-8.1750850520804761E+02 a       114     0     8     1     2
6.3659811871320130E+02 a       115     0     8     1     3
-2.4418638174362982E+03 a       116     0     8     1     4
1.2268078492188437E+02 a       117     0     8     1     5
1.2464567404394479E+03 a       118     0     8     1     6
2.0610494636553545E+02 a       119     0     8     1     7
-7.8536060888609359E+02 a       120     0     8     1     8
-3.8912457065600029E+02 a       121     0     8     1     9
1.0033800647568128E+03 a       122     0     8     1    10
9.6491346815783891E+02 a       123     0     8     1    11
1.2632246811621299E+03 a       124     0     8     1    12
-1.1953226086564498E+03 a       125     0     8     1    13
1.7883988935862260E+03 a       126     0     8     1    14
-5.4483397980431880E+02 a       127     0     8     1    15
4.9145608381931370E+03 a       128     0     8     1    16
1.2226236097919281E+02 a       129     0     9     1     1
-4.1681643386017794E+02 a       130     0     9     1     2
-9.4647859361459552E+01 a       131     0     9     1     3
-7.9831857071469827E+01 a       132     0     9     1     4
-1.9324844060201434E+02 a       133     0     9     1     5
-7.2334191352342998E+01 a       134     0     9     1     6
7.4596052587779724E+01 a       135     0     9     1     7
2.4321132418395294E+02 a       136     0     9     1     8
9.7096450245473136E+01 a       137     0     9     1     9
4.0325157570135701E+01 a       138     0     9     1    10
2.7578433629178102E+02 a       139     0     9     1    11
-3.1896773897043516E+02 a       140     0     9     1    12
1.7823268940372020E+02 a       141     0     9     1    13
-2.1277925162293201E+02 a       142     0     9     1    14
5.9325731356432521E-01 a       143     0     9     1    15
-1.9404497416053603E+03 a       144     0     9     1    16
4.8183008708417958E+00 a       145     0    10     1     1
7.9593352912194945E+01 a       146     0    10     1     2
-9.5724076876370727E+00 a       147     0    10     1     3
1.8566683934818155E+02 a       148     0    10     1     4
3.4337158376405284E+02 a       149     0    10     1     5
4.7050725894268535E+00 a       150     0    10     1     6
-2.5920034188887598E+02 a       151     0    10     1     7
-6.9295998769170160E+02 a       152     0    10     1     8
-5.9195388409100258E+02 a       153     0    10     1     9
1.0812115207531232E+02 a       154     0    10     1    10
-6.4247094699384979E+02 a       155     0    10     1    11
6.5457059955049228E+00 a       156     0    10     1    12
-5.4104905235839988E+02 a       157     0    10     1    13
4.8616516338071358E+02 a       158     0    10     1    14
-3.0241148944976203E+02 a       159     0    10     1    15
-1.4475442094123159E+02 a       160     0    10     1    16
7.7661629989737992E+02 a       161     0    11     1     1
-1.2543253337506676E+03 a       162     0    11     1     2
-5.3852270985587063E+02 a       163     0    11     1     3
-2.2698334618444716E+02 a       164     0    11     1     4
-8.5588070270092896E+02 a       165     0    11     1     5
-3.2394438627539262E+02 a       166     0    11     1     6
3.0909149634333943E+02 a       167     0    11     1     7
5.6775280021385436E+02 a       168     0    11     1     8
2.0357436927680155E+02 a       169     0    11     1     9
4.3467327031998968E+02 a       170     0    11     1    10
9.8500455085982367E+02 a       171     0    11     1    11
-9.1410841111110608E+02 a       172     0    11     1    12
5.7500751819890581E+02 a       173     0    11     1    13
-8.0705687846002706E+02 a       174     0    11     1    14
-1.0476241215744095E+02 a       175     0    11     1    15
-4.4752834180806740E+03 a       176     0    11     1    16
-1.9460177553930595E+01 a       177     0    12     1     1
9.5975943815058613E+01 a       178     0    12     1     2
1.7257471815492362E+01 a       179     0    12     1     3
1.9081795769452367E+02 a       180     0    12     1     4
3.6094339358641935E+02 a       181     0    12     1     5
1.1362684658655940E+01 a       182     0    12     1     6
-2.5675043712062455E+02 a       183     0    12     1     7
-7.1745828383045603E+02 a       184     0    12     1     8
-6.1591921007647568E+02 a       185     0    12     1     9
9.6721008671772509E+01 a       186     0    12     1    10
-6.3451000219069874E+02 a       187     0    12     1    11
-6.5881316595562410E+01 a       188     0    12     1    12
-5.5102135936807508E+02 a       189     0    12     1    13
4.9253196313377714E+02 a       190     0    12     1    14
-3.2877977571508706E+02 a       191     0    12     1    15
-1.3141896818336596E+02 a       192     0    12     1    16
2.6208766770575098E+03 a       193     0    13     1     1
-1.2062425378819785E+03 a       194     0    13     1     2
2.0626849830116220E+02 a       195     0    13     1     3
9.8804542856749026E+02 a       196     0    13     1     4
5.7556566031424654E+02 a       197     0    13     1     5
-2.8516685693334352E+03 a       198     0    13     1     6
-1.2823269641347379E+03 a       199     0    13     1     7
-1.3931070331017481E+03 a       200     0    13     1     8
1.5263634186331085E+03 a       201     0    13     1     9
1.6985120921957182E+03 a       202     0    13     1    10
1.0716213310430223E+04 a       203     0    13     1    11
-1.7144352271449129E+03 a       204     0    13     1    12
2.7155385617722568E+03 a       205     0    13     1    13
2.4693353291095917E+02 a       206     0    13     1    14
-8.8665898410334137E+02 a       207     0    13     1    15
-4.2211737710584479E+04 a       208     0    13     1    16
-2.0683406652905805E+02 a       209     0    14     1     1
-1.3737036101128319E+03 a       210     0    14     1     2
1.1390137370853256E+03 a       211     0    14     1     3
2.3126139154646188E+02 a       212     0    14     1     4
1.3593446751783356E+03 a       213     0    14     1     5
-4.4319788538848110E+02 a       214     0    14     1     6
-1.0148546089272077E+03 a       215     0    14     1     7
-2.8923873940336621E+03 a       216     0    14     1     8
1.9206652872972163E+03 a       217     0    14     1     9
-1.8235969906950100E+02 a       218     0    14     1    10
2.4372305375175115E+03 a       219     0    14     1    11
2.1639173964425663E+03 a       220     0    14     1    12
2.3576970634104237E+03 a       221     0    14     1    13
-2.5513517875916523E+03 a       222     0    14     1    14
2.4770270013073332E+03 a       223     0    14     1    15
3.4537864596347326E+03 a       224     0    14     1    16
-1.5720239808126266E+03 a       225     0    15     1     1
1.6835323724328109E+02 a       226     0    15     1     2
2.9077662221230634E+02 a       227     0    15     1     3
2.3281951437517355E+03 a       228     0    15     1     4
-1.9689288159898741E+01 a       229     0    15     1     5
-6.8038142817194000E+02 a       230     0    15     1     6
-3.3036013153126464E+02 a       231     0    15     1     7
-7.3635999320539304E+02 a       232     0    15     1     8
1.5767973157372589E+03 a       233     0    15     1     9
2.0637474496348777E+03 a       234     0    15     1    10
2.3777849782691586E+01 a       235     0    15     1    11
-1.0890887786134053E+03 a       236     0    15     1    12
7.6691564263588623E+02 a       237     0    15     1    13
-8.8706774035264982E+02 a       238     0    15     1    14
-2.9342839559447712E+03 a       239     0    15     1    15
-7.4387593487541253E+01 a       240     0    15     1    16
8.0067092196774183E+02 a       241     0    16     1     1
-2.5687973468876868E+02 a       242     0    16     1     2
-2.5569144456995281E+02 a       243     0    16     1     3
6.8125216870444092E+02 a       244     0    16     1     4
-2.2273150931929085E+03 a       245     0    16     1     5
-8.9000397720493186E+02 a       246     0    16     1     6
1.6597144532560347E+02 a       247     0    16     1     7
3.4582386384997330E+03 a       248     0    16     1     8
1.6291837185571378E+03 a       249     0    16     1     9
-3.1319349781034316E+03 a       250     0    16     1    10
3.2085887398405157E+03 a       251     0    16     1    11
-2.8402824236963988E+02 a       252     0    16     1    12
1.6655408020007651E+03 a       253     0    16     1    13
-2.1512269610705703E+03 a       254     0    16     1    14
3.8428221908443829E+03 a       255     0    16     1    15
-1.4666518149458137E+04 a       256     0    16     1    16
-9.2462794615552718E+02 a       257     0    17     1     1
1.9435179428614776E+02 a       258     0    17     1     2
-2.0079272384752426E+03 a       259     0    17     1     3
4.7191447588856562E+02 a       260     0    17     1     4
2.5498845752774064E+03 a       261     0    17     1     5
2.2605610922628148E+03 a       262     0    17     1     6
1.0373053661931372E+03 a       263     0    17     1     7
5.5627800482509679E+02 a       264     0    17     1     8
-6.9964476887461751E+02 a       265     0    17     1     9
-2.2959405283411370E+03 a       266     0    17     1    10
-3.0599214124819159E+03 a       267     0    17     1    11
1.5405881043021961E+03 a       268     0    17     1    12
-1.0909135164987317E+03 a       269     0    17     1    13
-1.4993747918884512E+03 a       270     0    17     1    14
-1.8013820171144259E+03 a       271     0    17     1    15
8.1029034470143533E+03 a       272     0    17     1    16
-1.8660553639131181E+03 a       273     0    18     1     1
9.7189282961947399E+00 a       274     0    18     1     2
-1.1727345665372022E+03 a       275     0    18     1     3
8.9556163405466270E+02 a       276     0    18     1     4
8.3805955579206781E+01 a       277     0    18     1     5
-1.1845730914653068E+03 a       278     0    18     1     6
-1.5297553484715186E+02 a       279     0    18     1     7
-4.8412842467139836E+02 a       280     0    18     1     8
-5.3414700277945849E+02 a       281     0    18     1     9
8.2489979018620579E+02 a       282     0    18     1    10
7.2320654895376276E+02 a       283     0    18     1    11
1.4673050370757625E+02 a       284     0    18     1    12
-2.1913146877931823E+02 a       285     0    18     1    13
-3.9957889122556367E+02 a       286     0    18     1    14
-7.5607298734635413E+02 a       287     0    18     1    15
1.3110025638491234E+02 a       288     0    18     1    16
7.2763076373594089E+01 a       289     0    19     1     1
1.5461017684136668E+03 a       290     0    19     1     2
4.3605657548921672E+03 a       291     0    19     1     3
-6.5902524018977385E+02 a       292     0    19     1     4
6.4613520358816459E+02 a       293     0    19     1     5
-1.6239943878906413E+03 a       294     0    19     1     6
1.8853228078422753E+03 a       295     0    19     1     7
6.2700529646660016E+03 a       296     0    19     1     8
-8.0806019342482148E+02 a       297     0    19     1     9
-7.7264635120636706E+02 a       298     0    19     1    10
5.5883150920907929E+03 a       299     0    19     1    11
4.2658865624293713E+02 a       300     0    19     1    12
-1.0397099811216581E+03 a       301     0    19     1    13
3.2673513536690311E+03 a       302     0    19     1    14
-1.7464787893015850E+03 a       303     0    19     1    15
-2.7746161163508379E+04 a       304     0    19     1    16
-1.9913442276598489E+03 a       305     0    20     1     1
4.0753084610281974E+02 a       306     0    20     1     2
-5.1482594630650635E+02 a       307     0    20     1     3
1.1774741560154778E+03 a       308     0    20     1     4
3.5877706186327282E+02 a       309     0    20     1     5
-3.9809250324511987E+02 a       310     0    20     1     6
2.1621454977163515E+02 a       311     0    20     1     7
-4.1857670959247758E+02 a       312     0    20     1     8
1.1718591543601821E+02 a       313     0    20     1     9
-8.9920058822931185E+02 a       314     0    20     1    10
8.5115745855819096E+03 a       315     0    20     1    11
-3.9852061374271807E+03 a       316     0    20     1    12
1.3031299711218637E+03 a       317     0    20     1    13
8.6050243898528959E+02 a       318     0    20     1    14
-9.8513374603382863E+02 a       319     0    20     1    15
-4.5716530644121878E+04 a       320     0    20     1    16
2.3596164360544653E+03 a       321     0    21     1     1
-1.6204766125691056E+03 a       322     0    21     1     2
4.1305553921151150E+03 a       323     0    21     1     3
-3.7210695276222214E+02 a       324     0    21     1     4
-8.5073459251435099E+02 a       325     0    21     1     5
1.5996234629705471E+03 a       326     0    21     1     6
-6.4082909932435837E+02 a       327     0    21     1     7
-1.8509351685088316E+03 a       328     0    21     1     8
-5.5187518264797092E+01 a       329     0    21     1     9
-3.7185334750462073E+02 a       330     0    21     1    10
-4.5683223718831787E+03 a       331     0    21     1    11
2.6442953054564799E+02 a       332     0    21     1    12
-4.7703447056082621E+02 a       333     0    21     1    13
-2.3098133057165651E+03 a       334     0    21     1    14
1.5243523638707754E+03 a       335     0    21     1    15
-1.1068823006391647E+03 a       336     0    21     1    16
-6.9933259858339204E+02 a       337     0    22     1     1
3.3826392089126753E+03 a       338     0    22     1     2
3.9186846310234998E+01 a       339     0    22     1     3
7.7725528299872587E+02 a       340     0    22     1     4
-2.3122384861462738E+03 a       341     0    22     1     5
3.4063486604748061E+02 a       342     0    22     1     6
1.6077034693849458E+02 a       343     0    22     1     7
1.7266356325455424E+03 a       344     0    22     1     8
-6.9979074210901717E+02 a       345     0    22     1     9
-4.3738277342086803E+03 a       346     0    22     1    10
-2.9893153703537150E+03 a       347     0    22     1    11
1.3593641342903818E+03 a       348     0    22     1    12
-1.7034069291191176E+03 a       349     0    22     1    13
-9.1505335521926099E+02 a       350     0    22     1    14
1.9947770389161362E+03 a       351     0    22     1    15
-5.1662985021241893E+03 a       352     0    22     1    16
-1.7619545176632591E+03 a       353     0    23     1     1
8.0308078143876560E+02 a       354     0    23     1     2
-3.4090397574110993E+03 a       355     0    23     1     3
5.2604759614971704E+02 a       356     0    23     1     4
2.2396926973828549E+03 a       357     0    23     1     5
3.6199890768735459E+03 a       358     0    23     1     6
1.9545774065961466E+03 a       359     0    23     1     7
3.1497447351230530E+03 a       360     0    23     1     8
-6.1635566720499151E+02 a       361     0    23     1     9
-1.7190551188026511E+03 a       362     0    23     1    10
-4.3306394520459335E+03 a       363     0    23     1    11
-1.4528307123202608E+03 a       364     0    23     1    12
-7.1330188014502653E+02 a       365     0    23     1    13
-1.2500991035813374E+03 a       366     0    23     1    14
8.8847615081598644E+02 a       367     0    23     1    15
1.6670627092657535E+03 a       368     0    23     1    16
-1.9180589743144767E+03 a       369     0    24     1     1
-5.1540584955206373E+02 a       370     0    24     1     2
-1.8279342525249597E+03 a       371     0    24     1     3
-1.3564451811158565E+03 a       372     0    24     1     4
-8.4439854849983988E+02 a       373     0    24     1     5
-1.3220373438652498E+03 a       374     0    24     1     6
1.7205332798015516E+02 a       375     0    24     1     7
-1.6240249764903109E+02 a       376     0    24     1     8
-1.1308316143131804E+03 a       377     0    24     1     9
-1.5593831792376734E+03 a       378     0    24     1    10
1.5138642398988468E+03 a       379     0    24     1    11
6.2949656122367614E+01 a       380     0    24     1    12
-1.8488469811885025E+02 a       381     0    24     1    13
-7.2652808008119166E+02 a       382     0    24     1    14
2.9673441768591319E+03 a       383     0    24     1    15
3.7014503573228825E+02 a       384     0    24     1    16
-4.0362204263117866E+02 a       385     0    25     1     1
-3.6348463146885371E+02 a       386     0    25     1     2
7.5907939667561152E+02 a       387     0    25     1     3
4.7828105759879563E+01 a       388     0    25     1     4
-2.8166322756510522E+02 a       389     0    25     1     5
-3.5962560998966103E+02 a       390     0    25     1     6
-3.1299045939705710E+01 a       391     0    25     1     7
-1.9348882823759712E+02 a       392     0    25     1     8
-3.0589968490646339E+02 a       393     0    25     1     9
-3.4640376399100010E+03 a       394     0    25     1    10
-2.2727276176777778E+02 a       395     0    25     1    11
4.5887775104485263E+02 a       396     0    25     1    12
-1.0517753178341650E+03 a       397     0    25     1    13
-1.3403189362349360E+03 a       398     0    25     1    14
6.8353285512498883E+02 a       399     0    25     1    15
1.2162921050633572E+03 a       400     0    25     1    16
-6.7018952554611076E+02 a       401     0    26     1     1
-2.9983114365329794E+02 a       402     0    26     1     2
1.0942554121323949E+03 a       403     0    26     1     3
-3.8391514345294820E+02 a       404     0    26     1     4
-1.3582657251629944E+03 a       405     0    26     1     5
-1.8148439640262900E+01 a       406     0    26     1     6
-1.5560162055878962E+02 a       407     0    26     1     7
-2.9662424117538339E+03 a       408     0    26     1     8
7.2770213662879075E+02 a       409     0    26     1     9
5.7431084215068984E+02 a       410     0    26     1    10
1.1680739891046785E+03 a       411     0    26     1    11
-4.8324506540839053E+02 a       412     0    26     1    12
6.2087187799163394E+02 a       413     0    26     1    13
-9.1517821936104804E+02 a       414     0    26     1    14
-9.3294340142707756E+02 a       415     0    26     1    15
-1.1799679978469508E+03 a       416     0    26     1    16
1.3650195439596409E+03 a       417     0    27     1     1
1.3392257790664704E+02 a       418     0    27     1     2
9.3770294417742446E+02 a       419     0    27     1     3
-1.8245283563930061E+03 a       420     0    27     1     4
2.8789229977603702E+02 a       421     0    27     1     5
5.4885174787727465E+02 a       422     0    27     1     6
-1.3770488996632861E+02 a       423     0    27     1     7
1.1054159245731933E+03 a       424     0    27     1     8
7.0745424331869651E+02 a       425     0    27     1     9
-4.4409957669453462E+02 a       426     0    27     1    10
-6.8090729613260521E+01 a       427     0    27     1    11
-1.1349392502410670E+02 a       428     0    27     1    12
-3.7121395913844560E+02 a       429     0    27     1    13
-7.8313262126650716E+02 a       430     0    27     1    14
-1.0986233398079683E+03 a       431     0    27     1    15
6.3191975692394624E+02 a       432     0    27     1    16
-6.0807055239309614E+02 a       433     0    28     1     1
-4.4725871553244474E+02 a       434     0    28     1     2
6.4593414598404092E+02 a       435     0    28     1     3
-1.3633269504087130E+02 a       436     0    28     1     4
-1.0691892544082073E+03 a       437     0    28     1     5
-2.7065102725480602E+02 a       438     0    28     1     6
1.9164921618850664E+02 a       439     0    28     1     7
1.0129578543700390E+02 a       440     0    28     1     8
9.2188766983662489E+01 a       441     0    28     1     9
-2.3308281834209852E+03 a       442     0    28     1    10
-4.9820635998402639E+02 a       443     0    28     1    11
-3.3515738362369541E+02 a       444     0    28     1    12
-1.7526903622202508E+03 a       445     0    28     1    13
-2.6561292356209437E+03 a       446     0    28     1    14
6.6543612803394376E+02 a       447     0    28     1    15
-1.7553294206535964E+04 a       448     0    28     1    16
-7.2535210967721287E+02 a       449     0    29     1     1
-8.2339596145957614E+01 a       450     0    29     1     2
8.7934908413433550E+02 a       451     0    29     1     3
-1.9020573282930974E+02 a       452     0    29     1     4
-7.5570407087207877E+02 a       453     0    29     1     5
8.4230267063893720E+01 a       454     0    29     1     6
-1.8971170884555247E+02 a       455     0    29     1     7
-2.3396239341733785E+03 a       456     0    29     1     8
8.3203684676402497E+02 a       457     0    29     1     9
8.7400798282660901E+02 a       458     0    29     1    10
4.1659270145071019E+02 a       459     0    29     1    11
7.0650063258098692E+02 a       460     0    29     1    12
-3.1133767937163775E+01 a       461     0    29     1    13
-3.9088966125352090E+02 a       462     0    29     1    14
-1.5246252551455975E+03 a       463     0    29     1    15
-3.0105182309236716E+03 a       464     0    29     1    16
1.4138886997797199E+03 a       465     0    30     1     1
-2.7318122825424967E+02 a       466     0    30     1     2
1.0714455305843178E+03 a       467     0    30     1     3
-2.3407929517567741E+03 a       468     0    30     1     4
-7.8350363061303710E+02 a       469     0    30     1     5
7.1720049399685752E+02 a       470     0    30     1     6
-1.1122732201010450E+02 a       471     0    30     1     7
-5.7843185104280201E+02 a       472     0    30     1     8
-4.3554811847174045E+02 a       473     0    30     1     9
1.3711262943372748E+02 a       474     0    30     1    10
1.5442272312128645E+02 a       475     0    30     1    11
4.9318213955043596E+01 a       476     0    30     1    12
-8.8032527098660432E+02 a       477     0    30     1    13
-8.6735738963437370E+02 a       478     0    30     1    14
-9.8772196133674595E+02 a       479     0    30     1    15
6.0755941379303943E+02 a       480     0    30     1    16
1.3203190179651317E+03 a       481     0    31     1     1
6.8544862236760036E+02 a       482     0    31     1     2
4.4805920141390305E+02 a       483     0    31     1     3
1.1603593454113031E+03 a       484     0    31     1     4
1.3716556604318905E+03 a       485     0    31     1     5
-1.7163305862920638E+03 a       486     0    31     1     6
-9.5680191493033294E+02 a       487     0    31     1     7
-3.7823825310153443E+03 a       488     0    31     1     8
-1.3605199535472543E+03 a       489     0    31     1     9
-3.1068416551353548E+03 a       490     0    31     1    10
2.6885544631608929E+02 a       491     0    31     1    11
3.1262762341838975E+03 a       492     0    31     1    12
6.7553364339652251E+02 a       493     0    31     1    13
9.6541477961734950E+02 a       494     0    31     1    14
3.2855912585429714E+03 a       495     0    31     1    15
5.3670493021758230E+03 a       496     0    31     1    16
-3.2415225646323364E+02 a       497     0    32     1     1
-2.1904345512159730E+02 a       498     0    32     1     2
6.7145247407182171E+02 a       499     0    32     1     3
-3.0115727633659304E+02 a       500     0    32     1     4
-9.4224349549333886E+02 a       501     0    32     1     5
-1.2871808718918365E+02 a       502     0    32     1     6
-6.1945913269633330E+01 a       503     0    32     1     7
-1.2369602613270858E+03 a       504     0    32     1     8
2.7827308801988681E+02 a       505     0    32     1     9
1.7588881300647816E+02 a       506     0    32     1    10
1.1381994503680216E+03 a       507     0    32     1    11
-1.8941980898617744E+03 a       508     0    32     1    12
8.8565643153516328E+02 a       509     0    32     1    13
-7.0191207717617567E+02 a       510     0    32     1    14
1.3527414487079213E+02 a       511     0    32     1    15
2.8746487077930539E+02 a       512     0    32     1    16
1.7033451552301517E+03 a       513     0    33     1     1
7.9271226941415921E+02 a       514     0    33     1     2
5.0956958709447628E+02 a       515     0    33     1     3
-7.2100545720085927E+02 a       516     0    33     1     4
2.5763325139057774E+03 a       517     0    33     1     5
2.2353789923140477E+02 a       518     0    33     1     6
-4.2489605828527658E+02 a       519     0    33     1     7
2.6573824527025713E+03 a       520     0    33     1     8
9.6945536238451041E+02 a       521     0    33     1     9
-1.5100001597414098E+03 a       522     0    33     1    10
-6.7536283450297219E+02 a       523     0    33     1    11
1.2827397371378171E+02 a       524     0    33     1    12
1.6896645382700297E+02 a       525     0    33     1    13
-4.3404540846640327E+02 a       526     0    33     1    14
-1.2087058930750366E+03 a       527     0    33     1    15
5.5069523002826759E+02 a       528     0    33     1    16
-6.3867333127766256E+02 a       529     0    34     1     1
-4.5833213647936105E+02 a       530     0    34     1     2
5.1627466321561644E+02 a       531     0    34     1     3
-2.8982423857853939E+02 a       532     0    34     1     4
-1.5451974809871222E+03 a       533     0    34     1     5
-2.3798509736204153E+02 a       534     0    34     1     6
3.3351490071863032E+02 a       535     0    34     1     7
4.8236819187997816E+02 a       536     0    34     1     8
5.1715905881630454E+02 a       537     0    34     1     9
-1.3946994552343333E+03 a       538     0    34     1    10
-3.7845772405052418E+02 a       539     0    34     1    11
-9.7146607156063692E+02 a       540     0    34     1    12
-1.7332267627309941E+03 a       541     0    34     1    13
-3.2887428906394230E+03 a       542     0    34     1    14
7.5919899059889894E+02 a       543     0    34     1    15
-2.7020547089764390E+04 a       544     0    34     1    16
-5.7970452736076970E+02 a       545     0    35     1     1
9.9083634287051154E+00 a       546     0    35     1     2
6.1304548852172570E+02 a       547     0    35     1     3
-8.6403538283019245E+01 a       548     0    35     1     4
-3.9283762853392113E+02 a       549     0    35     1     5
9.5645243801272500E+01 a       550     0    35     1     6
-1.5495333310412497E+02 a       551     0    35     1     7
-1.5711217377150429E+03 a       552     0    35     1     8
6.7369433548704762E+02 a       553     0    35     1     9
7.7023393601450152E+02 a       554     0    35     1    10
9.1341184138603538E+01 a       555     0    35     1    11
8.8271013244015444E+02 a       556     0    35     1    12
-2.1735411459984363E+02 a       557     0    35     1    13
-1.3585329797307986E+02 a       558     0    35     1    14
-1.3559375112564114E+03 a       559     0    35     1    15
-2.9346347386351708E+03 a       560     0    35     1    16
1.2485783829741110E+03 a       561     0    36     1     1
-4.9019631504157826E+02 a       562     0    36     1     2
9.3886975807135036E+02 a       563     0    36     1     3
-2.2192101256966657E+03 a       564     0    36     1     4
-1.2701243919515989E+03 a       565     0    36     1     5
6.9407620971337917E+02 a       566     0    36     1     6
-1.0374049660342855E+02 a       567     0    36     1     7
-1.7549511080037462E+03 a       568     0    36     1     8
-1.3206159472941467E+03 a       569     0    36     1     9
4.8400765555905247E+02 a       570     0    36     1    10
2.3449924534997243E+02 a       571     0    36     1    11
2.1963086877681798E+02 a       572     0    36     1    12
-1.0919655892936241E+03 a       573     0    36     1    13
-7.3382741470177405E+02 a       574     0    36     1    14
-7.1991352843941513E+02 a       575     0    36     1    15
4.6594951490931675E+02 a       576     0    36     1    16
-2.1646338454735783E+02 a       577     0    37     1     1
-3.5511972345134886E+01 a       578     0    37     1     2
2.7357560183533474E+02 a       579     0    37     1     3
2.2981709644990246E+01 a       580     0    37     1     4
2.0762644643304768E+02 a       581     0    37     1     5
-1.1049547884821344E+01 a       582     0    37     1     6
-2.6526358902549571E+01 a       583     0    37     1     7
-2.4813902240710078E+02 a       584     0    37     1     8
-8.5797560709294899E+01 a       585     0    37     1     9
4.5411030398628668E+01 a       586     0    37     1    10
-2.1438152262717446E+02 a       587     0    37     1    11
3.2642627846634736E+02 a       588     0    37     1    12
-3.0068889061510993E+02 a       589     0    37     1    13
1.0434667360880952E+02 a       590     0    37     1    14
-3.7470472678751456E+01 a       591     0    37     1    15
2.9192297149016287E+01 a       592     0    37     1    16
-2.5387372215977844E+00 a       593     0    38     1     1
1.0271233258588262E+00 a       594     0    38     1     2
-1.6747353785597351E+01 a       595     0    38     1     3
-7.8865983166732159E+00 a       596     0    38     1     4
-5.7693119924870210E+01 a       597     0    38     1     5
-1.1665631330843447E+00 a       598     0    38     1     6
1.7683593911691429E+00 a       599     0    38     1     7
-2.3699729727148586E+01 a       600     0    38     1     8
-7.6113240462333396E+00 a       601     0    38     1     9
-1.3727009952470780E+02 a       602     0    38     1    10
1.2906030090884027E+01 a       603     0    38     1    11
-1.6911792363483769E+01 a       604     0    38     1    12
1.8783402853049257E+01 a       605     0    38     1    13
-7.8332213972116476E+00 a       606     0    38     1    14
9.2737013991299175E+00 a       607     0    38     1    15
1.1330596270038827E+01 a       608     0    38     1    16
1.8138959670619073E+02 a       609     0    39     1     1
4.9882259923526924E+01 a       610     0    39     1     2
-1.1728754295781323E+02 a       611     0    39     1     3
1.3814269768031801E+02 a       612     0    39     1     4
3.8747629095480983E+02 a       613     0    39     1     5
-1.8457718269696554E+02 a       614     0    39     1     6
-9.1644064493661986E+01 a       615     0    39     1     7
-2.5152552169304769E+02 a       616     0    39     1     8
-3.7830106853927316E+02 a       617     0    39     1     9
8.0953441646609022E+01 a       618     0    39     1    10
-9.4859057104322446E+01 a       619     0    39     1    11
2.6549643016618313E+02 a       620     0    39     1    12
-1.4816091385701509E+02 a       621     0    39     1    13
-1.2048629279505828E+02 a       622     0    39     1    14
-1.1249267504594094E+02 a       623     0    39     1    15
-2.0004210221778834E+01 a       624     0    39     1    16
-2.1145645089298364E+02 a       625     0    40     1     1
-5.6452033712845434E+01 a       626     0    40     1     2
2.6624781023173296E+02 a       627     0    40     1     3
6.4815877513214826E+00 a       628     0    40     1     4
1.5909328534976947E+02 a       629     0    40     1     5
-2.7761031589729384E+01 a       630     0    40     1     6
-8.9872867843163746E+00 a       631     0    40     1     7
-1.8771455290232774E+02 a       632     0    40     1     8
-7.6830093317897919E+01 a       633     0    40     1     9
5.3136934882893726E+01 a       634     0    40     1    10
-1.6082251855265008E+02 a       635     0    40     1    11
2.6626939641177393E+02 a       636     0    40     1    12
-2.8396564129554935E+02 a       637     0    40     1    13
4.9940766180851782E+01 a       638     0    40     1    14
-3.7474067158685571E+01 a       639     0    40     1    15
5.1494403949833931E+01 a       640     0    40     1    16
-2.4342713469486683E+00 a       641     0    41     1     1
3.3775915025114933E-01 a       642     0    41     1     2
-1.9946199934608849E+01 a       643     0    41     1     3
-9.0627999262660204E+00 a       644     0    41     1     4
-6.6314600567819127E+01 a       645     0    41     1     5
-1.3698591116042085E+00 a       646     0    41     1     6
2.5474313634554888E+00 a       647     0    41     1     7
-3.4586598585811885E+01 a       648     0    41     1     8
-3.3352753807036372E+01 a       649     0    41     1     9
-1.6080688480159591E+02 a       650     0    41     1    10
1.4992361727170024E+01 a       651     0    41     1    11
-1.4093666640404251E+01 a       652     0    41     1    12
2.0754450089063972E+01 a       653     0    41     1    13
-8.8762558102135234E+00 a       654     0    41     1    14
1.1455921338705954E+01 a       655     0    41     1    15
1.3647617225039589E+01 a       656     0    41     1    16
1.9427114659924192E+02 a       657     0    42     1     1
4.0202386291997584E+01 a       658     0    42     1     2
-1.3201194070008705E+02 a       659     0    42     1     3
1.6351076513211075E+02 a       660     0    42     1     4
3.8565155273921465E+02 a       661     0    42     1     5
-1.9907350295175078E+02 a       662     0    42     1     6
-1.0281420520198789E+02 a       663     0    42     1     7
-2.9889817794124400E+02 a       664     0    42     1     8
-4.5312382861517057E+02 a       665     0    42     1     9
9.5833488188954931E+01 a       666     0    42     1    10
-1.0071493870675626E+02 a       667     0    42     1    11
2.9669342160937094E+02 a       668     0    42     1    12
-1.7195543089463987E+02 a       669     0    42     1    13
-8.3398717396147006E+01 a       670     0    42     1    14
-1.2920947236482925E+02 a       671     0    42     1    15
-2.4777470526617883E+01 a       672     0    42     1    16
-1.6365648059414787E+02 a       673     0    43     1     1
-1.2054230515740141E+00 a       674     0    43     1     2
2.0199636340611363E+02 a       675     0    43     1     3
2.8430512616711574E+01 a       676     0    43     1     4
1.8991731469642997E+02 a       677     0    43     1     5
1.0592301949617543E+01 a       678     0    43     1     6
-3.3031427288149885E+01 a       679     0    43     1     7
-2.2685660142661777E+02 a       680     0    43     1     8
-5.8383146173467644E+01 a       681     0    43     1     9
2.0445014083391431E+01 a       682     0    43     1    10
-1.9890193056065561E+02 a       683     0    43     1    11
2.7688295378074383E+02 a       684     0    43     1    12
-2.2431344560561877E+02 a       685     0    43     1    13
1.2125510933054360E+02 a       686     0    43     1    14
-2.2928809254787435E+01 a       687     0    43     1    15
5.5479153569120756E+00 a       688     0    43     1    16
-1.6763534397665756E+00 a       689     0    44     1     1
2.3651418202122088E+00 a       690     0    44     1     2
-1.0316578720870003E+01 a       691     0    44     1     3
-4.8022101415979090E+00 a       692     0    44     1     4
-3.7680507726139112E+01 a       693     0    44     1     5
-2.1543389750384320E-01 a       694     0    44     1     6
-3.5723153488499404E-01 a       695     0    44     1     7
-1.2287588031727633E+01 a       696     0    44     1     8
2.2906349901757252E+01 a       697     0    44     1     9
-9.1436410476418430E+01 a       698     0    44     1    10
5.9359919114178989E+00 a       699     0    44     1    11
-1.9266147057546775E+01 a       700     0    44     1    12
1.0453387666084746E+01 a       701     0    44     1    13
-3.0212290308055936E+00 a       702     0    44     1    14
4.3719515140022818E+00 a       703     0    44     1    15
6.7089334389062136E+00 a       704     0    44     1    16
1.4311025267711855E+02 a       705     0    45     1     1
5.9711865087022012E+01 a       706     0    45     1     2
-8.3354168488644532E+01 a       707     0    45     1     3
6.8496302937226105E+01 a       708     0    45     1     4
3.5032684439133180E+02 a       709     0    45     1     5
-1.4995431894645694E+02 a       710     0    45     1     6
-5.2306379698825765E+01 a       711     0    45     1     7
-1.1209113568834610E+02 a       712     0    45     1     8
-2.0080884857813641E+02 a       713     0    45     1     9
4.6360957342676826E+01 a       714     0    45     1    10
-5.0730130493522601E+01 a       715     0    45     1    11
1.4208588503781584E+02 a       716     0    45     1    12
-7.6258141873639403E+01 a       717     0    45     1    13
-1.8250706990377677E+02 a       718     0    45     1    14
-5.9799442488270259E+01 a       719     0    45     1    15
-5.8727054359121365E+00 a       720     0    45     1    16
-1.8635317336498994E+02 a       721     0    46     1     1
-6.3782398331158063E+01 a       722     0    46     1     2
2.3358710717354333E+02 a       723     0    46     1     3
-5.7068799690116698E+00 a       724     0    46     1     4
1.0983034210107866E+02 a       725     0    46     1     5
-3.5434284758031069E+01 a       726     0    46     1     6
4.1740098119215405E+00 a       727     0    46     1     7
-1.2648191160259242E+02 a       728     0    46     1     8
-5.9983234988428670E+01 a       729     0    46     1     9
5.1691659849413767E+01 a       730     0    46     1    10
-1.0759329115908562E+02 a       731     0    46     1    11
1.9563070161901004E+02 a       732     0    46     1    12
-2.4250415166536604E+02 a       733     0    46     1    13
8.3278477766473831E+00 a       734     0    46     1    14
-3.2809889146593086E+01 a       735     0    46     1    15
6.0871755383252825E+01 a       736     0    46     1    16
-1.9588929852030399E+00 a       737     0    47     1     1
1.3964201173074312E-01 a       738     0    47     1     2
-1.4334513202938435E+01 a       739     0    47     1     3
-6.1700978382531080E+00 a       740     0    47     1     4
-4.6009235217232849E+01 a       741     0    47     1     5
-1.1884777287691481E+00 a       742     0    47     1     6
1.7714454479532931E+00 a       743     0    47     1     7
-2.6889020121282172E+01 a       744     0    47     1     8
-3.1721380865792582E+01 a       745     0    47     1     9
-1.1239606823962330E+02 a       746     0    47     1    10
9.6391602023769547E+00 a       747     0    47     1    11
-7.8650969738398429E+00 a       748     0    47     1    12
1.4282252356106422E+01 a       749     0    47     1    13
-5.9073879460086207E+00 a       750     0    47     1    14
8.1097758049796020E+00 a       751     0    47     1    15
9.4772112974366767E+00 a       752     0    47     1    16
1.6580656934719914E+02 a       753     0    48     1     1
2.6368855969673824E+01 a       754     0    48     1     2
-1.1640617188263447E+02 a       755     0    48     1     3
1.4604716881223808E+02 a       756     0    48     1     4
3.0914451460931627E+02 a       757     0    48     1     5
-1.7141289260177223E+02 a       758     0    48     1     6
-8.8200872040497785E+01 a       759     0    48     1     7
-2.6687147079504280E+02 a       760     0    48     1     8
-4.1246737966543390E+02 a       761     0    48     1     9
8.7315517767851702E+01 a       762     0    48     1    10
-8.0642284137910849E+01 a       763     0    48     1    11
2.5216778218860361E+02 a       764     0    48     1    12
-1.5056014197267751E+02 a       765     0    48     1    13
-4.5874097381646266E+01 a       766     0    48     1    14
-1.1241925172680129E+02 a       767     0    48     1    15
-2.2332066165583516E+01 a       768     0    48     1    16
-5.4293615009950361E+02 b       769     1     1
8.5965560999663978E+02 b       770     1     2
1.1218922994499582E+02 b       771     1     3
7.3637575309312103E+02 b       772     1     4
-1.3482412907231776E+03 b       773     1     5
-2.7948345689427356E+03 b       774     1     6
-1.3987588795753680E+02 b       775     1     7
-3.6733784395971105E+02 b       776     1     8
2.4679185863729597E+02 b       777     1     9
-6.8814275714226767E+02 b       778     1    10
-5.1406639953301046E+03 b       779     1    11
-3.4998217700595103E+02 b       780     1    12
-5.4647952778659840E+02 b       781     1    13
6.4785255143140682E+02 b       782     1    14
-9.4480398979855966E+02 b       783     1    15
1.9454796677717721E+04 b       784     1    16
-9.0334623497815130E+01 a       785     1     1     2     1
-1.7267573764033912E+03 a       786     1     1     2     2
1.5373884640045474E+03 a       787     1     1     2     3
-1.9990668430240742E+03 a       788     1     1     2     4
2.0495901458214635E+03 a       789     1     1     2     5
-1.1485581333293303E+03 a       790     1     1     2     6
-4.1741970091977328E+03 a       791     1     1     2     7
7.4440078103987798E+02 a       792     1     1     2     8
4.0070435021439648E+03 a       793     1     1     2     9
1.2371184081676352E+03 a       794     1     1     2    10
4.9913230948316794E+02 a       795     1     1     2    11
-1.9112749633250389E+03 a       796     1     1     2    12
-2.4448188006446330E+03 a       797     1     1     2    13
-2.1453655072342374E+02 a       798     1     1     2    14
3.4541664457427231E+02 a       799     1     1     2    15
-1.0727047910057161E+03 a       800     1     1     2    16
1.5631778011483669E+02 a       801     1     2     2     1
2.7943405310562007E+03 a       802     1     2     2     2
3.1901119075194956E+03 a       803     1     2     2     3
-7.8071243272699951E+02 a       804     1     2     2     4
-3.7830780077747659E+02 a       805     1     2     2     5
3.6705147943147181E+03 a       806     1     2     2     6
-1.7100106233235560E+03 a       807     1     2     2     7
-8.0043866194850310E+01 a       808     1     2     2     8
5.2917277705456581E+02 a       809     1     2     2     9
2.7723310413388849E+03 a       810     1     2     2    10
3.9492350682324795E+03 a       811     1     2     2    11
9.2446507522474963E+02 a       812     1     2     2    12
1.3522128557318285E+04 a       813     1     2     2    13
1.2196421257067343E+03 a       814     1     2     2    14
1.2108999713883093E+03 a       815     1     2     2    15
-7.2892159449749931E+02 a       816     1     2     2    16
4.1550249398657598E+02 a       817     1     3     2     1
2.7006046413406684E+03 a       818     1     3     2     2
-3.8997302181183102E+02 a       819     1     3     2     3
-2.1229117537559550E+03 a       820     1     3     2     4
-3.1088312650732905E+03 a       821     1     3     2     5
1.2051417593621829E+03 a       822     1     3     2     6
3.0105361244999008E+03 a       823     1     3     2     7
3.5135749027601588E+02 a       824     1     3     2     8
-5.5827334756025232E+02 a       825     1     3     2     9
9.5015892993864065E+02 a       826     1     3     2    10
-3.1761974365613679E+02 a       827     1     3     2    11
8.2293088281834810E+02 a       828     1     3     2    12
1.9707737568410082E+03 a       829     1     3     2    13
9.2672555652925166E+02 a       830     1     3     2    14
-2.0760699302923495E+03 a       831     1     3     2    15
-2.9275259289759418E+02 a       832     1     3     2    16
-1.8051514880704267E+03 a       833     1     4     2     1
-2.7178490222516543E+03 a       834     1     4     2     2
-5.3365582235506429E+02 a       835     1     4     2     3
5.8110939172890710E+02 a       836     1     4     2     4
-4.2962324283913631E+02 a       837     1     4     2     5
7.1740613150380852E+02 a       838     1     4     2     6
-2.9297118680423955E+02 a       839     1     4     2     7
5.6583832117317729E+02 a       840     1     4     2     8
-9.3865261968390075E+02 a       841     1     4     2     9
1.9766279821405444E+03 a       842     1     4     2    10
2.1520269254236695E+02 a       843     1     4     2    11
3.1759696699589398E+02 a       844     1     4     2    12
-4.0696276175467092E+03 a       845     1     4     2    13
2.2475000943917507E+03 a       846     1     4     2    14
2.2219577041640364E+03 a       847     1     4     2    15
-8.4106948612654278E+01 a       848     1     4     2    16
-2.5033002908650812E+02 a       849     1     5     2     1
-2.3930651492060611E+03 a       850     1     5     2     2
-1.3653029515754827E+03 a       851     1     5     2     3
-2.0948699043279375E+03 a       852     1     5     2     4
1.7469698215769017E+03 a       853     1     5     2     5
-1.1004712357997839E+03 a       854     1     5     2     6
2.5548104199231656E+02 a       855     1     5     2     7
2.5590474798856500E+00 a       856     1     5     2     8
-2.7076202253643210E+03 a       857     1     5     2     9
-1.4820076933450159E+03 a       858     1     5     2    10
-2.0727990332985560E+03 a       859     1     5     2    11
-1.2844622461407939E+03 a       860     1     5     2    12
9.7575578174887070E+01 a       861     1     5     2    13
2.5202278987966943E+03 a       862     1     5     2    14
1.7704798890309153E+03 a       863     1     5     2    15
2.5180877325585684E+03 a       864     1     5     2    16
7.7346790826438814E+02 a       865     1     6     2     1
1.0131576094179686E+03 a       866     1     6     2     2
1.4341720496693745E+03 a       867     1     6     2     3
1.3418706418919191E+03 a       868     1     6     2     4
-1.7477350773285114E+03 a       869     1     6     2     5
-5.0352705563315048E+01 a       870     1     6     2     6
-2.0900998360748667E+03 a       871     1     6     2     7
-3.2951520977309593E+02 a       872     1     6     2     8
-1.1067847823928280E+03 a       873     1     6     2     9
9.6248216512994895E+02 a       874     1     6     2    10
1.1236913739114852E+03 a       875     1     6     2    11
5.5797713876790806E+02 a       876     1     6     2    12
1.6263199641461902E+03 a       877     1     6     2    13
6.4082686489566913E+03 a       878     1     6     2    14
-3.1355169529231771E+03 a       879     1     6     2    15
-5.3865839207637725E+02 a       880     1     6     2    16
-1.7164148762926459E+02 a       881     1     7     2     1
2.4983249503508619E+03 a       882     1     7     2     2
2.2167172508167664E+02 a       883     1     7     2     3
9.8817905914681114E+02 a       884     1     7     2     4
1.8658639446418837E+02 a       885     1     7     2     5
-1.5200373568991909E+03 a       886     1     7     2     6
2.6106486873272315E+03 a       887     1     7     2     7
-6.0079086711856394E+02 a       888     1     7     2     8
-1.0567556806821096E+03 a       889     1     7     2     9
-1.7285186198848273E+03 a       890     1     7     2    10
2.7966428998323220E+01 a       891     1     7     2    11
-1.6572846676994780E+02 a       892     1     7     2    12
-1.1151817214217724E+03 a       893     1     7     2    13
6.0922131573883025E+03 a       894     1     7     2    14
-1.8294867736537344E+03 a       895     1     7     2    15
1.0195542127982413E+03 a       896     1     7     2    16
-9.6721244812966358E+02 a       897     1     8     2     1
2.4557772112536018E+03 a       898     1     8     2     2
2.5189887753714179E+03 a       899     1     8     2     3
2.4789810996425595E+03 a       900     1     8     2     4
1.6961204969110647E+03 a       901     1     8     2     5
1.2901825139697919E+03 a       902     1     8     2     6
7.8365717342847870E+02 a       903     1     8     2     7
6.3525931689020513E+02 a       904     1     8     2     8
-8.5028275024160700E+02 a       905     1     8     2     9
-3.3232461782540230E+02 a       906     1     8     2    10
-3.5108216234702745E+03 a       907     1     8     2    11
1.1197367056301275E+03 a       908     1     8     2    12
6.1114677637658078E+03 a       909     1     8     2    13
1.8384517162297609E+03 a       910     1     8     2    14
-5.3397268642552228E+02 a       911     1     8     2    15
-6.8809782959583231E+02 a       912     1     8     2    16
4.3306219645627459E+02 a       913     1     9     2     1
2.1261023940557525E+03 a       914     1     9     2     2
-1.3194884528307666E+03 a       915     1     9     2     3
-9.3999492382086908E+02 a       916     1     9     2     4
-7.4775716819467596E+02 a       917     1     9     2     5
-1.7684920212706683E+02 a       918     1     9     2     6
-2.6481899916080711E+03 a       919     1     9     2     7
4.6964890225733473E+02 a       920     1     9     2     8
-1.2610100646052128E+03 a       921     1     9     2     9
2.3338028943561117E+03 a       922     1     9     2    10
-3.4403279923242894E+02 a       923     1     9     2    11
4.3892648917780178E+02 a       924     1     9     2    12
2.5809561078123002E+03 a       925     1     9     2    13
-1.1301429736353684E+03 a       926     1     9     2    14
2.7669210966888068E+03 a       927     1     9     2    15
-1.4257048651610917E+03 a       928     1     9     2    16
2.7649564577300629E+02 a       929     1    10     2     1
-1.5602097052816232E+03 a       930     1    10     2     2
-1.0386588305543432E+02 a       931     1    10     2     3
1.5992318975888247E+03 a       932     1    10     2     4
-4.2147776125411514E+02 a       933     1    10     2     5
-2.1040470031948129E+01 a       934     1    10     2     6
1.7914636087925271E+03 a       935     1    10     2     7
7.9115119450023019E+02 a       936     1    10     2     8
-4.5043811964317342E+02 a       937     1    10     2     9
1.6277076988943627E+03 a       938     1    10     2    10
7.8300023449833066E+02 a       939     1    10     2    11
1.2937208121589567E+03 a       940     1    10     2    12
4.5090552656107711E+03 a       941     1    10     2    13
2.6950476567109254E+03 a       942     1    10     2    14
-2.8209793988351930E+03 a       943     1    10     2    15
3.5678542436239741E+02 a       944     1    10     2    16
1.8842985659221774E+03 a       945     1    11     2     1
1.2034445656749526E+03 a       946     1    11     2     2
-8.5225044992803475E+02 a       947     1    11     2     3
-1.8513026967742110E+02 a       948     1    11     2     4
8.5631717255980175E+02 a       949     1    11     2     5
2.0433038715578787E+03 a       950     1    11     2     6
1.4164551456169734E+03 a       951     1    11     2     7
3.6991313177773606E+02 a       952     1    11     2     8
-2.0969661066023564E+03 a       953     1    11     2     9
-1.1057532728106210E+03 a       954     1    11     2    10
-2.3564490181280275E+03 a       955     1    11     2    11
2.5747079898371823E+02 a       956     1    11     2    12
3.7568518420293753E+03 a       957     1    11     2    13
3.0179607455870832E+03 a       958     1    11     2    14
-8.9358882218415067E+02 a       959     1    11     2    15
-8.5827848870682055E+02 a       960     1    11     2    16
5.2852400196167980E+02 a       961     1    12     2     1
3.5186665214640152E+02 a       962     1    12     2     2
-5.3233681692818004E+02 a       963     1    12     2     3
-1.2664035311725878E+02 a       964     1    12     2     4
6.9755783611105733E+02 a       965     1    12     2     5
2.6597408353049259E+03 a       966     1    12     2     6
1.4475081728717714E+02 a       967     1    12     2     7
1.5806655991751626E+02 a       968     1    12     2     8
-2.1204274673351342E+03 a       969     1    12     2     9
-1.1133899374670316E+03 a       970     1    12     2    10
-2.7125299405874152E+03 a       971     1    12     2    11
-1.0050710069121657E+03 a       972     1    12     2    12
2.6262045059269944E+03 a       973     1    12     2    13
8.0956336568305915E+03 a       974     1    12     2    14
-2.7895364618045130E+02 a       975     1    12     2    15
-6.6302384918200551E+02 a       976     1    12     2    16
2.7198406618813027E+02 a       977     1    13     2     1
-8.6748202152518877E+02 a       978     1    13     2     2
-2.7601250041584090E+03 a       979     1    13     2     3
-6.3527278957843691E+02 a       980     1    13     2     4
-1.6890996033830399E+03 a       981     1    13     2     5
3.6385580858638177E+03 a       982     1    13     2     6
-2.4033455826221425E+03 a       983     1    13     2     7
8.7124192378998566E+02 a       984     1    13     2     8
-1.8003321084085537E+03 a       985     1    13     2     9
2.3712064618294053E+02 a       986     1    13     2    10
1.6717861489973927E+03 a       987     1    13     2    11
2.4414179224255801E+02 a       988     1    13     2    12
3.4394277200917495E+03 a       989     1    13     2    13
-1.5152943524890406E+03 a       990     1    13     2    14
3.6028831256215790E+03 a       991     1    13     2    15
-7.9289284827336985E+02 a       992     1    13     2    16
1.0698433804663036E+03 a       993     1    14     2     1
-4.0725091971061033E+02 a       994     1    14     2     2
7.1849990907412359E+02 a       995     1    14     2     3
2.9360642368632580E+03 a       996     1    14     2     4
1.3368830283592217E+02 a       997     1    14     2     5
1.0925191578857498E+03 a       998     1    14     2     6
4.4220558804021715E+02 a       999     1    14     2     7
-3.6717617397782556E+02 a      1000     1    14     2     8
1.4938930279975573E+03 a      1001     1    14     2     9
-4.8603898722343430E+00 a      1002     1    14     2    10
-3.2285303036200530E+03 a      1003     1    14     2    11
2.1346238978801648E+02 a      1004     1    14     2    12
4.8662376887409364E+03 a      1005     1    14     2    13
1.4868576416217338E+03 a      1006     1    14     2    14
3.0667111240878671E+03 a      1007     1    14     2    15
-2.6513085955429583E+03 a      1008     1    14     2    16
3.5435749038209514E+02 a      1009     1    15     2     1
2.7558410468841549E+02 a      1010     1    15     2     2
1.5893721422201604E+03 a      1011     1    15     2     3
1.4873072912731457E+03 a      1012     1    15     2     4
5.9434344816147996E+02 a      1013     1    15     2     5
3.4227806749617948E+03 a      1014     1    15     2     6
-1.3985861501240524E+03 a      1015     1    15     2     7
4.6736110457238851E+02 a      1016     1    15     2     8
-8.9378928545529459E+02 a      1017     1    15     2     9
1.7023025967506255E+03 a      1018     1    15     2    10
1.7665041846872102E+03 a      1019     1    15     2    11
-1.3348430654766030E+03 a      1020     1    15     2    12
-3.8503387973897188E+03 a      1021     1    15     2    13
-3.4064101107381248E+03 a      1022     1    15     2    14
4.4824524408793906E+02 a      1023     1    15     2    15
-1.9380184406959443E+03 a      1024     1    15     2    16
2.2670396712620800E+03 a      1025     1    16     2     1
4.6063941587570553E+03 a      1026     1    16     2     2
-1.4793233217195491E+03 a      1027     1    16     2     3
2.3309844403661623E+02 a      1028     1    16     2     4
-7.4607233410720373E+03 a      1029     1    16     2     5
3.5510169922000733E+02 a      1030     1    16     2     6
3.7597966274398786E+03 a      1031     1    16     2     7
-2.3273714803396579E+03 a      1032     1    16     2     8
-5.9625017298551720E+03 a      1033     1    16     2     9
-1.0841268780627083E+03 a      1034     1    16     2    10
-7.4213219322685009E+03 a      1035     1    16     2    11
-1.1025159588726929E+03 a      1036     1    16     2    12
-4.1080437687909443E+03 a      1037     1    16     2    13
1.4125259323470023E+04 a      1038     1    16     2    14
1.6814263277777277E+03 a      1039     1    16     2    15
1.1805795406267187E+03 a      1040     1    16     2    16
1.6008896654644780E+03 b      1041     2     1
9.0052705925727082E+02 b      1042     2     2
1.4986638976753852E+01 b      1043     2     3
-1.3349201989871556E+03 b      1044     2     4
-6.9853256253365316E+03 b      1045     2     5
-2.9000493385839154E+03 b      1046     2     6
3.7403842736042543E+03 b      1047     2     7
-1.9073960931744964E+03 b      1048     2     8
-2.2709471440719426E+03 b      1049     2     9
9.0478387259271369E+02 b      1050     2    10
-6.3515983786435947E+02 b      1051     2    11
-8.8178447502741335E+02 b      1052     2    12
3.9915776306041616E+03 b      1053     2    13
9.0652772848282984E+03 b      1054     2    14
-1.3132728958204711E+03 b      1055     2    15
1.9737791749348107E+03 b      1056     2    16
1.4010249212777070E-03 a      1057     2     1     3     1
2.3379852584592329E-02 a      1058     2     2     3     1
-2.3449078847767525E-03 a      1059     2     3     3     1
-7.0312546500533790E-03 a      1060     2     4     3     1
1.3617076312028311E-03 a      1061     2     5     3     1
4.4830312873708200E-03 a      1062     2     6     3     1
7.7565594828689589E-03 a      1063     2     7     3     1
5.6981193196853916E-03 a      1064     2     8     3     1
-6.8100044093048562E-03 a      1065     2     9     3     1
3.5693049106024820E-03 a      1066     2    10     3     1
-7.1772293296787325E-03 a      1067     2    11     3     1
6.9557769256794718E-03 a      1068     2    12     3     1
-5.4971996046324443E-03 a      1069     2    13     3     1
9.3075600233691379E-04 a      1070     2    14     3     1
-2.1405967415441996E-03 a      1071     2    15     3     1
3.5047992230765094E-03 a      1072     2    16     3     1
5.2017495990115519E+00 b      1073     3     1